736523.8013271759,1,270,0,0.002612921395372836,0.3529300842018067,0.3555444592633741,0.3921457155069251,0.394760091298367,0.7450866513920715,0.747701029522117,0.7843023239959558,0.7869167022168924,1.137243419185074,1.139857797852795,1.176459099392622,1.179073478087255,1.529400235095683,1.532014613947926,1.56861591795984,1.571230296823433,1.921557069942068,1.924171448878843,1,1
736523.8010854282,1,270,0,0.002612921395372836,0.3529300842018067,0.3555444592633741,0.3921457155069251,0.394760091298367,0.7450866513920715,0.747701029522117,0.7843023239959558,0.7869167022168924,1.137243419185074,1.139857797852795,1.176459099392622,1.179073478087255,1.529400235095683,1.532014613947926,1.56861591795984,1.571230296823433,1.921557069942068,1.924171448878843,1,1
736523.8008437153,1,297,0,0.002408369902757967,0.3879651155380183,0.3905794909552851,0.3918866786822264,0.3945010541721198,0.7801217025147683,0.7827360806874071,0.7840432697760054,0.7866576479577221,1.172278473849109,1.174892852529275,1.176200041870031,1.178814420552886,1.564435290984239,1.567049669841695,1.568356859270707,1.570971238129298,1.956592126393811,1.959206505333244,1,1
736523.8006022569,1,297,0,0.002408369902757967,0.3879651155380183,0.3905794909552851,0.3918866786822264,0.3945010541721198,0.7801217025147683,0.7827360806874071,0.7840432697760054,0.7866576479577221,1.172278473849109,1.174892852529275,1.176200041870031,1.178814420552886,1.564435290984239,1.567049669841695,1.568356859270707,1.570971238129298,1.956592126393811,1.959206505333244,1,1
736523.8003611806,199,270,0,0.0003897049959896426,0.2620203369133775,0.264488613338472,0.2992256104275591,0.3017185761546919,0.6430529519896714,0.645630316387197,0.6817382348459259,0.6843190548326911,1.031505839556113,1.034103850281396,1.070483454439968,1.073082511643695,1.421821432277318,1.424426643685803,1.460902758949578,1.463508415258706,1.812878203588998,1.815486733794023,1,1
736523.8001200694,199,270,0,0.0003897049959896426,0.2620203369133775,0.264488613338472,0.2992256104275591,0.3017185761546919,0.6430529519896714,0.645630316387197,0.6817382348459259,0.6843190548326911,1.031505839556113,1.034103850281396,1.070483454439968,1.073082511643695,1.421821432277318,1.424426643685803,1.460902758949578,1.463508415258706,1.812878203588998,1.815486733794023,1,1
736523.7998790046,199,297,0,3.940628296775217e-05,0.2799958784368385,0.2824760949569055,0.2837168226568055,0.2861994984732584,0.6617344026542447,0.6643133846833026,0.6656029623369433,0.6681822895227868,1.05032334568735,1.052921840148618,1.054221113598971,1.056819712652088,1.440686731534266,1.443292147255656,1.444594866258485,1.447200326456387,1.831765615708973,1.834374250479052,1,1
736523.7996382524,199,297,0,3.940628296775217e-05,0.2799958784368385,0.2824760949569055,0.2837168226568055,0.2861994984732584,0.6617344026542447,0.6643133846833026,0.6656029623369433,0.6681822895227868,1.05032334568735,1.052921840148618,1.054221113598971,1.056819712652088,1.440686731534266,1.443292147255656,1.444594866258485,1.447200326456387,1.831765615708973,1.834374250479052,1,1
736523.7993976274,399,270,0,0.000196014138550582,0.1922581073402905,0.194399887229115,0.2248703789661927,0.2270790540138412,0.5452874446833136,0.5477618926915013,0.582492766801438,0.5849795754506364,0.9231912046936447,0.9257415867182802,0.9614753151234475,0.9640296838873205,1.308103635379789,1.310681733920588,1.346787413228053,1.34936724636818,1.695894270933324,1.698485372264829,1,1
736523.7991569907,399,270,0,0.000196014138550582,0.1922581073402905,0.194399887229115,0.2248703789661927,0.2270790540138412,0.5452874446833136,0.5477618926915013,0.582492766801438,0.5849795754506364,0.9231912046936447,0.9257415867182802,0.9614753151234475,0.9640296838873205,1.308103635379789,1.310681733920588,1.346787413228053,1.34936724636818,1.695894270933324,1.698485372264829,1,1
736523.7989163079,399,297,0,1.965618309146544e-05,0.2074488110988082,0.2096224215102573,0.2107109052026756,0.212891190990145,0.5626472715222788,0.565127488983376,0.566367907586814,0.5688493599064397,0.9410521410248187,0.9436043642016025,0.9448805756730507,0.9474331973270196,1.326148624802376,1.328727519603583,1.330017010444442,1.332596078655121,1.714025916206378,1.716617429606229,1,1
736523.7986758681,399,297,0,1.965618309146544e-05,0.2074488110988082,0.2096224215102573,0.2107109052026756,0.212891190990145,0.5626472715222788,0.565127488983376,0.566367907586814,0.5688493599064397,0.9410521410248187,0.9436043642016025,0.9448805756730507,0.9474331973270196,1.326148624802376,1.328727519603583,1.330017010444442,1.332596078655121,1.714025916206378,1.716617429606229,1,1
736523.8014481944,578,270,0,0.0001355112019018057,0.151436221216655,0.1532719364544267,0.1796245524207963,0.181550988624304,0.4735383423905736,0.4758822961420203,0.5088563752965485,0.5112225239201709,0.8375196016888744,0.8400048276634011,0.8748531817101903,0.8773461669820484,1.214930110087098,1.21747004452787,1.253053825154445,1.255597244034154,1.598091151711075,1.600657385456458,1,1
736523.8012062731,578,270,0,0.0001355112019018057,0.151436221216655,0.1532719364544267,0.1796245524207963,0.181550988624304,0.4735383423905736,0.4758822961420203,0.5088563752965485,0.5112225239201709,0.8375196016888744,0.8400048276634011,0.8748531817101903,0.8773461669820484,1.214930110087098,1.21747004452787,1.253053825154445,1.255597244034154,1.598091151711075,1.600657385456458,1,1
736523.8009645833,578,297,0,1.35691776177449e-05,0.164393785662838,0.1662720756480569,0.1672134961414606,0.1691008489584447,0.4898324656186555,0.4921867422557601,0.4933644368952559,0.4957209313155417,0.8547476905375132,0.8572364954047004,0.8584810922235798,0.8609706726788814,1.232521735077151,1.235063268128417,1.236334121912783,1.238876003313043,1.615858100677004,1.618425174702814,1,1
736523.8007229398,578,297,0,1.35691776177449e-05,0.164393785662838,0.1662720756480569,0.1672134961414606,0.1691008489584447,0.4898324656186555,0.4921867422557601,0.4933644368952559,0.4957209313155417,0.8547476905375132,0.8572364954047004,0.8584810922235798,0.8609706726788814,1.232521735077151,1.235063268128417,1.236334121912783,1.238876003313043,1.615858100677004,1.618425174702814,1,1
736523.8004817129,766,270,0,0.0001023120418729429,0.1222892805427195,0.1238500088440043,0.1464140749961075,0.1480747588397817,0.4119367830540425,0.4141240815616057,0.4449739122875468,0.4471931278163152,0.758362136041296,0.7607614683454362,0.7944395149060384,0.79685114698216,1.125685870957531,1.128173542507616,1.163041736749536,1.16553516613272,1.502445804875828,1.504977341937036,1,1
736523.8002406713,766,270,0,0.0001023120418729429,0.1222892805427195,0.1238500088440043,0.1464140749961075,0.1480747588397817,0.4119367830540425,0.4141240815616057,0.4449739122875468,0.4471931278163152,0.758362136041296,0.7607614683454362,0.7944395149060384,0.79685114698216,1.125685870957531,1.128173542507616,1.163041736749536,1.16553516613272,1.502445804875828,1.504977341937036,1,1
736523.7999995371,766,297,0,1.023896915353095e-05,0.1332928137993205,0.1348999344465595,0.1357060005154237,0.1373231124842594,0.4270778838958095,0.4292799668146172,0.4303818081128708,0.4325870809436924,0.7749079709565301,0.7773129672493493,0.7785157734972406,0.7809219993043413,1.14281922589717,1.145309537040588,1.146554836794477,1.149045723578235,1.519871712861905,1.522404667157375,1,1
736523.799758588,766,297,0,1.023896915353095e-05,0.1332928137993205,0.1348999344465595,0.1357060005154237,0.1373231124842594,0.4270778838958095,0.4292799668146172,0.4303818081128708,0.4325870809436924,0.7749079709565301,0.7773129672493493,0.7785157734972406,0.7809219993043413,1.14281922589717,1.145309537040588,1.146554836794477,1.149045723578235,1.519871712861905,1.522404667157375,1,1
736523.7995178704,989,270,0,7.926709184824521e-05,0.09876196199411502,0.1000674329325642,0.1190479116110846,0.1204525159159611,0.3536443586953018,0.3556409803650442,0.3838839491766062,0.3859213892350746,0.6774008540272805,0.6796831235406313,0.7117606021787029,0.7140605877069459,1.030611367665812,1.033024098062016,1.066864441905708,1.069285946341202,1.398068643542408,1.400549111702999,1,1
736523.7992773148,989,270,0,7.926709184824521e-05,0.09876196199411502,0.1000674329325642,0.1190479116110846,0.1204525159159611,0.3536443586953018,0.3556409803650442,0.3838839491766062,0.3859213892350746,0.6774008540272805,0.6796831235406313,0.7117606021787029,0.7140605877069459,1.030611367665812,1.033024098062016,1.066864441905708,1.069285946341202,1.398068643542408,1.400549111702999,1,1
736523.7990365973,989,297,0,7.930318639770562e-06,0.1079645672511241,0.1093156384747019,0.1099936576920367,0.1113546411153024,0.3674347565949592,0.3694501984074523,0.3704589419328721,0.3724784640976437,0.6930884102444352,0.6953788206133058,0.6965244695099704,0.6988166509489144,1.04716759021561,1.049584338633844,1.050792932537023,1.053210558169264,1.415076902685483,1.417559594380445,1,1
736523.7987960416,989,297,0,7.930318639770562e-06,0.1079645672511241,0.1093156384747019,0.1099936576920367,0.1113546411153024,0.3674347565949592,0.3694501984074523,0.3704589419328721,0.3724784640976437,0.6930884102444352,0.6953788206133058,0.6965244695099704,0.6988166509489144,1.04716759021561,1.049584338633844,1.050792932537023,1.053210558169264,1.415076902685483,1.417559594380445,1,1
736523.8561432177,1,270,0,0.002612921395372836,0.3529300842018067,0.3555444592633741,0.3921457155069251,0.394760091298367,0.7450866513920715,0.747701029522117,0.7843023239959558,0.7869167022168924,1.137243419185074,1.139857797852795,1.176459099392622,1.179073478087255,1.529400235095683,1.532014613947926,1.56861591795984,1.571230296823433,1.921557069942068,1.924171448878843,1,1
736523.8557825347,1,270,0,0.002612921395372836,0.3529300842018067,0.3555444592633741,0.3921457155069251,0.394760091298367,0.7450866513920715,0.747701029522117,0.7843023239959558,0.7869167022168924,1.137243419185074,1.139857797852795,1.176459099392622,1.179073478087255,1.529400235095683,1.532014613947926,1.56861591795984,1.571230296823433,1.921557069942068,1.924171448878843,1,1
736523.8554224306,1,270,0,0.002612921395372836,0.3529300842018067,0.3555444592633741,0.3921457155069251,0.394760091298367,0.7450866513920715,0.747701029522117,0.7843023239959558,0.7869167022168924,1.137243419185074,1.139857797852795,1.176459099392622,1.179073478087255,1.529400235095683,1.532014613947926,1.56861591795984,1.571230296823433,1.921557069942068,1.924171448878843,1,1
736523.855062419,1,297,0,0.002408369902757967,0.3879651155380183,0.3905794909552851,0.3918866786822264,0.3945010541721198,0.7801217025147683,0.7827360806874071,0.7840432697760054,0.7866576479577221,1.172278473849109,1.174892852529275,1.176200041870031,1.178814420552886,1.564435290984239,1.567049669841695,1.568356859270707,1.570971238129298,1.956592126393811,1.959206505333244,1,1
736523.8547026968,1,297,0,0.002408369902757967,0.3879651155380183,0.3905794909552851,0.3918866786822264,0.3945010541721198,0.7801217025147683,0.7827360806874071,0.7840432697760054,0.7866576479577221,1.172278473849109,1.174892852529275,1.176200041870031,1.178814420552886,1.564435290984239,1.567049669841695,1.568356859270707,1.570971238129298,1.956592126393811,1.959206505333244,1,1
736523.8543431714,1,297,0,0.002408369902757967,0.3879651155380183,0.3905794909552851,0.3918866786822264,0.3945010541721198,0.7801217025147683,0.7827360806874071,0.7840432697760054,0.7866576479577221,1.172278473849109,1.174892852529275,1.176200041870031,1.178814420552886,1.564435290984239,1.567049669841695,1.568356859270707,1.570971238129298,1.956592126393811,1.959206505333244,1,1
736523.8539841435,199,270,0,0.0003897049959896426,0.2620203369133775,0.264488613338472,0.2992256104275591,0.3017185761546919,0.6430529519896714,0.645630316387197,0.6817382348459259,0.6843190548326911,1.031505839556113,1.034103850281396,1.070483454439968,1.073082511643695,1.421821432277318,1.424426643685803,1.460902758949578,1.463508415258706,1.812878203588998,1.815486733794023,1,1
736523.8536252315,199,270,0,0.0003897049959896426,0.2620203369133775,0.264488613338472,0.2992256104275591,0.3017185761546919,0.6430529519896714,0.645630316387197,0.6817382348459259,0.6843190548326911,1.031505839556113,1.034103850281396,1.070483454439968,1.073082511643695,1.421821432277318,1.424426643685803,1.460902758949578,1.463508415258706,1.812878203588998,1.815486733794023,1,1
736523.8532664467,199,270,0,0.0003897049959896426,0.2620203369133775,0.264488613338472,0.2992256104275591,0.3017185761546919,0.6430529519896714,0.645630316387197,0.6817382348459259,0.6843190548326911,1.031505839556113,1.034103850281396,1.070483454439968,1.073082511643695,1.421821432277318,1.424426643685803,1.460902758949578,1.463508415258706,1.812878203588998,1.815486733794023,1,1
736523.8529079862,199,297,0,3.940628296775217e-05,0.2799958784368385,0.2824760949569055,0.2837168226568055,0.2861994984732584,0.6617344026542447,0.6643133846833026,0.6656029623369433,0.6681822895227868,1.05032334568735,1.052921840148618,1.054221113598971,1.056819712652088,1.440686731534266,1.443292147255656,1.444594866258485,1.447200326456387,1.831765615708973,1.834374250479052,1,1
736523.8525495601,199,297,0,3.940628296775217e-05,0.2799958784368385,0.2824760949569055,0.2837168226568055,0.2861994984732584,0.6617344026542447,0.6643133846833026,0.6656029623369433,0.6681822895227868,1.05032334568735,1.052921840148618,1.054221113598971,1.056819712652088,1.440686731534266,1.443292147255656,1.444594866258485,1.447200326456387,1.831765615708973,1.834374250479052,1,1
736523.8521913542,199,297,0,3.940628296775217e-05,0.2799958784368385,0.2824760949569055,0.2837168226568055,0.2861994984732584,0.6617344026542447,0.6643133846833026,0.6656029623369433,0.6681822895227868,1.05032334568735,1.052921840148618,1.054221113598971,1.056819712652088,1.440686731534266,1.443292147255656,1.444594866258485,1.447200326456387,1.831765615708973,1.834374250479052,1,1
736523.8562634954,399,270,0,0.000196014138550582,0.1922581073402905,0.194399887229115,0.2248703789661927,0.2270790540138412,0.5452874446833136,0.5477618926915013,0.582492766801438,0.5849795754506364,0.9231912046936447,0.9257415867182802,0.9614753151234475,0.9640296838873205,1.308103635379789,1.310681733920588,1.346787413228053,1.34936724636818,1.695894270933324,1.698485372264829,1,1
736523.8559027778,399,270,0,0.000196014138550582,0.1922581073402905,0.194399887229115,0.2248703789661927,0.2270790540138412,0.5452874446833136,0.5477618926915013,0.582492766801438,0.5849795754506364,0.9231912046936447,0.9257415867182802,0.9614753151234475,0.9640296838873205,1.308103635379789,1.310681733920588,1.346787413228053,1.34936724636818,1.695894270933324,1.698485372264829,1,1
736523.8555425116,399,270,0,0.000196014138550582,0.1922581073402905,0.194399887229115,0.2248703789661927,0.2270790540138412,0.5452874446833136,0.5477618926915013,0.582492766801438,0.5849795754506364,0.9231912046936447,0.9257415867182802,0.9614753151234475,0.9640296838873205,1.308103635379789,1.310681733920588,1.346787413228053,1.34936724636818,1.695894270933324,1.698485372264829,1,1
736523.8551823843,399,297,0,1.965618309146544e-05,0.2074488110988082,0.2096224215102573,0.2107109052026756,0.212891190990145,0.5626472715222788,0.565127488983376,0.566367907586814,0.5688493599064397,0.9410521410248187,0.9436043642016025,0.9448805756730507,0.9474331973270196,1.326148624802376,1.328727519603583,1.330017010444442,1.332596078655121,1.714025916206378,1.716617429606229,1,1
736523.8548224074,399,297,0,1.965618309146544e-05,0.2074488110988082,0.2096224215102573,0.2107109052026756,0.212891190990145,0.5626472715222788,0.565127488983376,0.566367907586814,0.5688493599064397,0.9410521410248187,0.9436043642016025,0.9448805756730507,0.9474331973270196,1.326148624802376,1.328727519603583,1.330017010444442,1.332596078655121,1.714025916206378,1.716617429606229,1,1
736523.8544628704,399,297,0,1.965618309146544e-05,0.2074488110988082,0.2096224215102573,0.2107109052026756,0.212891190990145,0.5626472715222788,0.565127488983376,0.566367907586814,0.5688493599064397,0.9410521410248187,0.9436043642016025,0.9448805756730507,0.9474331973270196,1.326148624802376,1.328727519603583,1.330017010444442,1.332596078655121,1.714025916206378,1.716617429606229,1,1
736523.8541037731,578,270,0,0.0001355112019018057,0.151436221216655,0.1532719364544267,0.1796245524207963,0.181550988624304,0.4735383423905736,0.4758822961420203,0.5088563752965485,0.5112225239201709,0.8375196016888744,0.8400048276634011,0.8748531817101903,0.8773461669820484,1.214930110087098,1.21747004452787,1.253053825154445,1.255597244034154,1.598091151711075,1.600657385456458,1,1
736523.8537449768,578,270,0,0.0001355112019018057,0.151436221216655,0.1532719364544267,0.1796245524207963,0.181550988624304,0.4735383423905736,0.4758822961420203,0.5088563752965485,0.5112225239201709,0.8375196016888744,0.8400048276634011,0.8748531817101903,0.8773461669820484,1.214930110087098,1.21747004452787,1.253053825154445,1.255597244034154,1.598091151711075,1.600657385456458,1,1
736523.8533860301,578,270,0,0.0001355112019018057,0.151436221216655,0.1532719364544267,0.1796245524207963,0.181550988624304,0.4735383423905736,0.4758822961420203,0.5088563752965485,0.5112225239201709,0.8375196016888744,0.8400048276634011,0.8748531817101903,0.8773461669820484,1.214930110087098,1.21747004452787,1.253053825154445,1.255597244034154,1.598091151711075,1.600657385456458,1,1
736523.8530274653,578,297,0,1.35691776177449e-05,0.164393785662838,0.1662720756480569,0.1672134961414606,0.1691008489584447,0.4898324656186555,0.4921867422557601,0.4933644368952559,0.4957209313155417,0.8547476905375132,0.8572364954047004,0.8584810922235798,0.8609706726788814,1.232521735077151,1.235063268128417,1.236334121912783,1.238876003313043,1.615858100677004,1.618425174702814,1,1
736523.8526692477,578,297,0,1.35691776177449e-05,0.164393785662838,0.1662720756480569,0.1672134961414606,0.1691008489584447,0.4898324656186555,0.4921867422557601,0.4933644368952559,0.4957209313155417,0.8547476905375132,0.8572364954047004,0.8584810922235798,0.8609706726788814,1.232521735077151,1.235063268128417,1.236334121912783,1.238876003313043,1.615858100677004,1.618425174702814,1,1
736523.8523107871,578,297,0,1.35691776177449e-05,0.164393785662838,0.1662720756480569,0.1672134961414606,0.1691008489584447,0.4898324656186555,0.4921867422557601,0.4933644368952559,0.4957209313155417,0.8547476905375132,0.8572364954047004,0.8584810922235798,0.8609706726788814,1.232521735077151,1.235063268128417,1.236334121912783,1.238876003313043,1.615858100677004,1.618425174702814,1,1
736523.8563837385,766,270,0,0.0001023120418729429,0.1222892805427195,0.1238500088440043,0.1464140749961075,0.1480747588397817,0.4119367830540425,0.4141240815616057,0.4449739122875468,0.4471931278163152,0.758362136041296,0.7607614683454362,0.7944395149060384,0.79685114698216,1.125685870957531,1.128173542507616,1.163041736749536,1.16553516613272,1.502445804875828,1.504977341937036,1,1
736523.856023044,766,270,0,0.0001023120418729429,0.1222892805427195,0.1238500088440043,0.1464140749961075,0.1480747588397817,0.4119367830540425,0.4141240815616057,0.4449739122875468,0.4471931278163152,0.758362136041296,0.7607614683454362,0.7944395149060384,0.79685114698216,1.125685870957531,1.128173542507616,1.163041736749536,1.16553516613272,1.502445804875828,1.504977341937036,1,1
736523.8556625579,766,270,0,0.0001023120418729429,0.1222892805427195,0.1238500088440043,0.1464140749961075,0.1480747588397817,0.4119367830540425,0.4141240815616057,0.4449739122875468,0.4471931278163152,0.758362136041296,0.7607614683454362,0.7944395149060384,0.79685114698216,1.125685870957531,1.128173542507616,1.163041736749536,1.16553516613272,1.502445804875828,1.504977341937036,1,1
736523.8553025463,766,297,0,1.023896915353095e-05,0.1332928137993205,0.1348999344465595,0.1357060005154237,0.1373231124842594,0.4270778838958095,0.4292799668146172,0.4303818081128708,0.4325870809436924,0.7749079709565301,0.7773129672493493,0.7785157734972406,0.7809219993043413,1.14281922589717,1.145309537040588,1.146554836794477,1.149045723578235,1.519871712861905,1.522404667157375,1,1
736523.8549423843,766,297,0,1.023896915353095e-05,0.1332928137993205,0.1348999344465595,0.1357060005154237,0.1373231124842594,0.4270778838958095,0.4292799668146172,0.4303818081128708,0.4325870809436924,0.7749079709565301,0.7773129672493493,0.7785157734972406,0.7809219993043413,1.14281922589717,1.145309537040588,1.146554836794477,1.149045723578235,1.519871712861905,1.522404667157375,1,1
736523.8545829514,766,297,0,1.023896915353095e-05,0.1332928137993205,0.1348999344465595,0.1357060005154237,0.1373231124842594,0.4270778838958095,0.4292799668146172,0.4303818081128708,0.4325870809436924,0.7749079709565301,0.7773129672493493,0.7785157734972406,0.7809219993043413,1.14281922589717,1.145309537040588,1.146554836794477,1.149045723578235,1.519871712861905,1.522404667157375,1,1
736523.8542234722,989,270,0,7.926709184824521e-05,0.09876196199411502,0.1000674329325642,0.1190479116110846,0.1204525159159611,0.3536443586953018,0.3556409803650442,0.3838839491766062,0.3859213892350746,0.6774008540272805,0.6796831235406313,0.7117606021787029,0.7140605877069459,1.030611367665812,1.033024098062016,1.066864441905708,1.069285946341202,1.398068643542408,1.400549111702999,1,1
736523.8538645833,989,270,0,7.926709184824521e-05,0.09876196199411502,0.1000674329325642,0.1190479116110846,0.1204525159159611,0.3536443586953018,0.3556409803650442,0.3838839491766062,0.3859213892350746,0.6774008540272805,0.6796831235406313,0.7117606021787029,0.7140605877069459,1.030611367665812,1.033024098062016,1.066864441905708,1.069285946341202,1.398068643542408,1.400549111702999,1,1
736523.8535055324,989,270,0,7.926709184824521e-05,0.09876196199411502,0.1000674329325642,0.1190479116110846,0.1204525159159611,0.3536443586953018,0.3556409803650442,0.3838839491766062,0.3859213892350746,0.6774008540272805,0.6796831235406313,0.7117606021787029,0.7140605877069459,1.030611367665812,1.033024098062016,1.066864441905708,1.069285946341202,1.398068643542408,1.400549111702999,1,1
736523.853146875,989,297,0,7.930318639770562e-06,0.1079645672511241,0.1093156384747019,0.1099936576920367,0.1113546411153024,0.3674347565949592,0.3694501984074523,0.3704589419328721,0.3724784640976437,0.6930884102444352,0.6953788206133058,0.6965244695099704,0.6988166509489144,1.04716759021561,1.049584338633844,1.050792932537023,1.053210558169264,1.415076902685483,1.417559594380445,1,1
736523.8527885764,989,297,0,7.930318639770562e-06,0.1079645672511241,0.1093156384747019,0.1099936576920367,0.1113546411153024,0.3674347565949592,0.3694501984074523,0.3704589419328721,0.3724784640976437,0.6930884102444352,0.6953788206133058,0.6965244695099704,0.6988166509489144,1.04716759021561,1.049584338633844,1.050792932537023,1.053210558169264,1.415076902685483,1.417559594380445,1,1
736523.8524300578,989,297,0,7.930318639770562e-06,0.1079645672511241,0.1093156384747019,0.1099936576920367,0.1113546411153024,0.3674347565949592,0.3694501984074523,0.3704589419328721,0.3724784640976437,0.6930884102444352,0.6953788206133058,0.6965244695099704,0.6988166509489144,1.04716759021561,1.049584338633844,1.050792932537023,1.053210558169264,1.415076902685483,1.417559594380445,1,1
736523.8116153588,1,270,0,0.03856753774817646,0.3522881868791714,0.3915038126357873,0.3915038126357873,0.4307194493956358,0.7444447311087626,0.7836604030500616,0.7836604030500616,0.8228760763564277,1.136601495004116,1.175817175018141,1.175817175018141,1.215032855436069,1.528758309591637,1.567973992374722,1.567973992374722,1.607189675328121,1.920915143835309,1.960130827886707,1,2
736523.8113722106,1,270,0,0.03856753774817646,0.3522881868791714,0.3915038126357873,0.3915038126357873,0.4307194493956358,0.7444447311087626,0.7836604030500616,0.7836604030500616,0.8228760763564277,1.136601495004116,1.175817175018141,1.175817175018141,1.215032855436069,1.528758309591637,1.567973992374722,1.567973992374722,1.607189675328121,1.920915143835309,1.960130827886707,1,2
736523.8111291319,1,297,0,0.003919369847206384,0.3529296533734097,0.3921452844937557,0.356851215965668,0.3960668481808563,0.7450862197887082,0.784301892369727,0.7490077869837709,0.7882234597011274,1.137242987446564,1.176458667647356,1.141164555448144,1.180380235689305,1.52939980331087,1.56861548617218,1.533321371589234,1.57253705446757,1.921556638136061,1.960772322227339,1,2
736523.8108863657,1,297,0,0.003919369847206384,0.3529296533734097,0.3921452844937557,0.356851215965668,0.3960668481808563,0.7450862197887082,0.784301892369727,0.7490077869837709,0.7882234597011274,1.137242987446564,1.176458667647356,1.141164555448144,1.180380235689305,1.52939980331087,1.56861548617218,1.533321371589234,1.57253705446757,1.921556638136061,1.960772322227339,1,2
736523.8106438079,199,270,0,0.00578333498069647,0.2460788572594308,0.2830980497618731,0.2830980497618731,0.3204890476521232,0.6262996884851505,0.6649598085070247,0.6649598085070247,0.703671823199429,1.014603024715323,1.053573116882365,1.053573116882365,1.092558914683764,1.404866998562368,1.443945148018031,1.443945148018031,1.483029973029172,1.795900109512328,1.835028053744714,1,2
736523.8104013079,199,270,0,0.00578333498069647,0.2460788572594308,0.2830980497618731,0.2830980497618731,0.3204890476521232,0.6262996884851505,0.6649598085070247,0.6649598085070247,0.703671823199429,1.014603024715323,1.053573116882365,1.053573116882365,1.092558914683764,1.404866998562368,1.443945148018031,1.443945148018031,1.483029973029172,1.795900109512328,1.835028053744714,1,2
736523.8101588889,199,297,0,0.0005845222192503441,0.2614930335907987,0.2986920647044811,0.2651954454694729,0.3024315113520839,0.6424981200517201,0.6811825337348351,0.6463641664550771,0.6850537635559686,1.030945818700225,1.069923170884805,1.034842834749817,1.07382175665678,1.421259604596112,1.460340819697363,1.425167421696747,1.464249304150106,1.812315543848599,1.85144505686948,1,2
736523.8099167708,199,297,0,0.0005845222192503441,0.2614930335907987,0.2986920647044811,0.2651954454694729,0.3024315113520839,0.6424981200517201,0.6811825337348351,0.6463641664550771,0.6850537635559686,1.030945818700225,1.069923170884805,1.034842834749817,1.07382175665678,1.421259604596112,1.460340819697363,1.425167421696747,1.464249304150106,1.812315543848599,1.85144505686948,1,2
736523.8096745255,399,270,0,0.002932064861915051,0.1780504300377148,0.210167343330043,0.210167343330043,0.2432898220253425,0.5286329057018131,0.5657484915990085,0.5657484915990085,0.6030496693562113,0.9059878021219481,0.9442432806755567,0.9442432806755567,0.9825585900290619,1.290701685020885,1.329373080451111,1.329373080451111,1.368070502488331,1.678399650804209,1.717266136398878,1,2
736523.8094326041,399,270,0,0.002932064861915051,0.1780504300377148,0.210167343330043,0.210167343330043,0.2432898220253425,0.5286329057018131,0.5657484915990085,0.5657484915990085,0.6030496693562113,0.9059878021219481,0.9442432806755567,0.9442432806755567,0.9825585900290619,1.290701685020885,1.329373080451111,1.329373080451111,1.368070502488331,1.678399650804209,1.717266136398878,1,2
736523.8091909027,399,297,0,0.0002940166426694812,0.1917683780258903,0.2243637802388945,0.1949810424029873,0.227676788546467,0.5447139113186181,0.5819161258249146,0.5484255826982629,0.5856463382677088,0.9225985934172987,0.9608817031944015,0.9264241663137645,0.9647132562162974,1.307504070116275,1.346187412993622,1.311371217881341,1.350057162661929,1.695291445886386,1.734164113702143,1,2
736523.8089490278,399,297,0,0.0002940166426694812,0.1917683780258903,0.2243637802388945,0.1949810424029873,0.227676788546467,0.5447139113186181,0.5819161258249146,0.5484255826982629,0.5856463382677088,0.9225985934172987,0.9608817031944015,0.9264241663137645,0.9647132562162974,1.307504070116275,1.346187412993622,1.311371217881341,1.350057162661929,1.695291445886386,1.734164113702143,1,2
736523.8117367014,578,270,0,0.002029962312780187,0.1392169257068507,0.1667431624814503,0.1667431624814503,0.1956316095105627,0.4576186176093322,0.4927761087651672,0.4927761087651672,0.528266780411409,0.8205814177126851,0.8578593430491319,0.8578593430491319,0.8952537094267778,1.197600397583134,1.235699253156334,1.235699253156334,1.273850389637758,1.580574090346682,1.619067527781633,1,2
736523.8114937616,578,270,0,0.002029962312780187,0.1392169257068507,0.1667431624814503,0.1667431624814503,0.1956316095105627,0.4576186176093322,0.4927761087651672,0.4927761087651672,0.528266780411409,0.8205814177126851,0.8578593430491319,0.8578593430491319,0.8952537094267778,1.197600397583134,1.235699253156334,1.235699253156334,1.273850389637758,1.580574090346682,1.619067527781633,1,2
736523.8112506481,578,297,0,0.0002032652899743304,0.1510093770022036,0.1791748805829361,0.1537629445629077,0.1820645303714283,0.4729836615834848,0.5082961175405458,0.4764995911981032,0.5118453396070091,0.8369294413764061,0.8742610742300052,0.8406572800791659,0.8780005519075376,1.214326225613911,1.252449066994103,1.218136127185216,1.256264195231804,1.597480674489941,1.635986718466819,1,2
736523.811007801,578,297,0,0.0002032652899743304,0.1510093770022036,0.1791748805829361,0.1537629445629077,0.1820645303714283,0.4729836615834848,0.5082961175405458,0.4764995911981032,0.5118453396070091,0.8369294413764061,0.8742610742300052,0.8406572800791659,0.8780005519075376,1.214326225613911,1.252449066994103,1.218136127185216,1.256264195231804,1.597480674489941,1.635986718466819,1,2
736523.8107650579,766,270,0,0.001533513792237318,0.1118996649587262,0.1353031859579555,0.1353031859579555,0.1602066763943358,0.3970240255359747,0.4298312476360257,0.4298312476360257,0.4631174952697956,0.7419254707176308,0.7779147713868084,0.7779147713868084,0.8140886385159123,1.108617783206422,1.145932601553326,1.145932601553326,1.183333808974716,1.485065421595679,1.523038364719952,1,2
736523.8105224884,766,270,0,0.001533513792237318,0.1118996649587262,0.1353031859579555,0.1353031859579555,0.1602066763943358,0.3970240255359747,0.4298312476360257,0.4298312476360257,0.4631174952697956,0.7419254707176308,0.7779147713868084,0.7779147713868084,0.8140886385159123,1.108617783206422,1.145932601553326,1.145932601553326,1.183333808974716,1.485065421595679,1.523038364719952,1,2
736523.8102800231,766,297,0,0.0001534674109355816,0.1219236514258645,0.1460233381251801,0.1242647397458522,0.1485143601141908,0.4114137590744027,0.4444428735387086,0.4146947055773628,0.447771695724234,0.7577858862537041,0.7938601793060736,0.7613848843283437,0.7974776270776718,1.125087464642725,1.162441886887394,1.128818971825622,1.16618203083198,1.501836403321007,1.53983060866454,1,2
736523.8100378356,766,297,0,0.0001534674109355816,0.1219236514258645,0.1460233381251801,0.1242647397458522,0.1485143601141908,0.4114137590744027,0.4444428735387086,0.4146947055773628,0.447771695724234,0.7577858862537041,0.7938601793060736,0.7613848843283437,0.7974776270776718,1.125087464642725,1.162441886887394,1.128818971825622,1.16618203083198,1.501836403321007,1.53983060866454,1,2
736523.8097955555,989,270,0,0.00118846316283916,0.09007776073605101,0.1096547720115968,0.1096547720115968,0.130718954248366,0.3400078732477606,0.3699548155953124,0.3699548155953124,0.40051425802552,0.6617187836350492,0.695951938596555,0.695951938596555,0.7304509139805798,1.013998356454372,1.050188947742252,1.050188947742252,1.086511178280435,1.380973795935967,1.418180648534863,1,2
736523.8095534839,989,270,0,0.00118846316283916,0.09007776073605101,0.1096547720115968,0.1096547720115968,0.130718954248366,0.3400078732477606,0.3699548155953124,0.3699548155953124,0.40051425802552,0.6617187836350492,0.695951938596555,0.695951938596555,0.7304509139805798,1.013998356454372,1.050188947742252,1.050188947742252,1.086511178280435,1.380973795935967,1.418180648534863,1,2
736523.809311794,989,297,0,0.0001189003344326256,0.09845483693287405,0.1187159198783393,0.1004130405202992,0.1208228236107034,0.3531638151813188,0.3833931630225816,0.3561587463564383,0.3864493219059285,0.6768486453824881,0.7112039503311701,0.6802720491571873,0.7146539281729546,1.030026446278675,1.066277321140408,1.033645541669511,1.06990957760617,1.39746674539696,1.4347069563133,1,2
736523.8090699189,989,297,0,0.0001189003344326256,0.09845483693287405,0.1187159198783393,0.1004130405202992,0.1208228236107034,0.3531638151813188,0.3833931630225816,0.3561587463564383,0.3864493219059285,0.6768486453824881,0.7112039503311701,0.6802720491571873,0.7146539281729546,1.030026446278675,1.066277321140408,1.033645541669511,1.06990957760617,1.39746674539696,1.4347069563133,1,2
736523.8703164121,1,270,0,0.03856753774817646,0.3522881868791714,0.3915038126357873,0.3915038126357873,0.4307194493956358,0.7444447311087626,0.7836604030500616,0.7836604030500616,0.8228760763564277,1.136601495004116,1.175817175018141,1.175817175018141,1.215032855436069,1.528758309591637,1.567973992374722,1.567973992374722,1.607189675328121,1.920915143835309,1.960130827886707,1,2
736523.8699573495,1,270,0,0.03856753774817646,0.3522881868791714,0.3915038126357873,0.3915038126357873,0.4307194493956358,0.7444447311087626,0.7836604030500616,0.7836604030500616,0.8228760763564277,1.136601495004116,1.175817175018141,1.175817175018141,1.215032855436069,1.528758309591637,1.567973992374722,1.567973992374722,1.607189675328121,1.920915143835309,1.960130827886707,1,2
736523.8695987269,1,270,0,0.03856753774817646,0.3522881868791714,0.3915038126357873,0.3915038126357873,0.4307194493956358,0.7444447311087626,0.7836604030500616,0.7836604030500616,0.8228760763564277,1.136601495004116,1.175817175018141,1.175817175018141,1.215032855436069,1.528758309591637,1.567973992374722,1.567973992374722,1.607189675328121,1.920915143835309,1.960130827886707,1,2
736523.8692399652,1,297,0,0.003919369847206384,0.3529296533734097,0.3921452844937557,0.356851215965668,0.3960668481808563,0.7450862197887082,0.784301892369727,0.7490077869837709,0.7882234597011274,1.137242987446564,1.176458667647356,1.141164555448144,1.180380235689305,1.52939980331087,1.56861548617218,1.533321371589234,1.57253705446757,1.921556638136061,1.960772322227339,1,2
736523.8688814583,1,297,0,0.003919369847206384,0.3529296533734097,0.3921452844937557,0.356851215965668,0.3960668481808563,0.7450862197887082,0.784301892369727,0.7490077869837709,0.7882234597011274,1.137242987446564,1.176458667647356,1.141164555448144,1.180380235689305,1.52939980331087,1.56861548617218,1.533321371589234,1.57253705446757,1.921556638136061,1.960772322227339,1,2
736523.8685234838,1,297,0,0.003919369847206384,0.3529296533734097,0.3921452844937557,0.356851215965668,0.3960668481808563,0.7450862197887082,0.784301892369727,0.7490077869837709,0.7882234597011274,1.137242987446564,1.176458667647356,1.141164555448144,1.180380235689305,1.52939980331087,1.56861548617218,1.533321371589234,1.57253705446757,1.921556638136061,1.960772322227339,1,2
736523.8681655555,199,270,0,0.00578333498069647,0.2460788572594308,0.2830980497618731,0.2830980497618731,0.3204890476521232,0.6262996884851505,0.6649598085070247,0.6649598085070247,0.703671823199429,1.014603024715323,1.053573116882365,1.053573116882365,1.092558914683764,1.404866998562368,1.443945148018031,1.443945148018031,1.483029973029172,1.795900109512328,1.835028053744714,1,2
736523.8678077547,199,270,0,0.00578333498069647,0.2460788572594308,0.2830980497618731,0.2830980497618731,0.3204890476521232,0.6262996884851505,0.6649598085070247,0.6649598085070247,0.703671823199429,1.014603024715323,1.053573116882365,1.053573116882365,1.092558914683764,1.404866998562368,1.443945148018031,1.443945148018031,1.483029973029172,1.795900109512328,1.835028053744714,1,2
736523.8674502431,199,270,0,0.00578333498069647,0.2460788572594308,0.2830980497618731,0.2830980497618731,0.3204890476521232,0.6262996884851505,0.6649598085070247,0.6649598085070247,0.703671823199429,1.014603024715323,1.053573116882365,1.053573116882365,1.092558914683764,1.404866998562368,1.443945148018031,1.443945148018031,1.483029973029172,1.795900109512328,1.835028053744714,1,2
736523.8670915162,199,297,0,0.0005845222192503441,0.2614930335907987,0.2986920647044811,0.2651954454694729,0.3024315113520839,0.6424981200517201,0.6811825337348351,0.6463641664550771,0.6850537635559686,1.030945818700225,1.069923170884805,1.034842834749817,1.07382175665678,1.421259604596112,1.460340819697363,1.425167421696747,1.464249304150106,1.812315543848599,1.85144505686948,1,2
736523.8667345254,199,297,0,0.0005845222192503441,0.2614930335907987,0.2986920647044811,0.2651954454694729,0.3024315113520839,0.6424981200517201,0.6811825337348351,0.6463641664550771,0.6850537635559686,1.030945818700225,1.069923170884805,1.034842834749817,1.07382175665678,1.421259604596112,1.460340819697363,1.425167421696747,1.464249304150106,1.812315543848599,1.85144505686948,1,2
736523.8663753473,199,297,0,0.0005845222192503441,0.2614930335907987,0.2986920647044811,0.2651954454694729,0.3024315113520839,0.6424981200517201,0.6811825337348351,0.6463641664550771,0.6850537635559686,1.030945818700225,1.069923170884805,1.034842834749817,1.07382175665678,1.421259604596112,1.460340819697363,1.425167421696747,1.464249304150106,1.812315543848599,1.85144505686948,1,2
736523.8704362615,399,270,0,0.002932064861915051,0.1780504300377148,0.210167343330043,0.210167343330043,0.2432898220253425,0.5286329057018131,0.5657484915990085,0.5657484915990085,0.6030496693562113,0.9059878021219481,0.9442432806755567,0.9442432806755567,0.9825585900290619,1.290701685020885,1.329373080451111,1.329373080451111,1.368070502488331,1.678399650804209,1.717266136398878,1,2
736523.8700770717,399,270,0,0.002932064861915051,0.1780504300377148,0.210167343330043,0.210167343330043,0.2432898220253425,0.5286329057018131,0.5657484915990085,0.5657484915990085,0.6030496693562113,0.9059878021219481,0.9442432806755567,0.9442432806755567,0.9825585900290619,1.290701685020885,1.329373080451111,1.329373080451111,1.368070502488331,1.678399650804209,1.717266136398878,1,2
736523.8697182292,399,270,0,0.002932064861915051,0.1780504300377148,0.210167343330043,0.210167343330043,0.2432898220253425,0.5286329057018131,0.5657484915990085,0.5657484915990085,0.6030496693562113,0.9059878021219481,0.9442432806755567,0.9442432806755567,0.9825585900290619,1.290701685020885,1.329373080451111,1.329373080451111,1.368070502488331,1.678399650804209,1.717266136398878,1,2
736523.8693596181,399,297,0,0.0002940166426694812,0.1917683780258903,0.2243637802388945,0.1949810424029873,0.227676788546467,0.5447139113186181,0.5819161258249146,0.5484255826982629,0.5856463382677088,0.9225985934172987,0.9608817031944015,0.9264241663137645,0.9647132562162974,1.307504070116275,1.346187412993622,1.311371217881341,1.350057162661929,1.695291445886386,1.734164113702143,1,2
736523.8690010069,399,297,0,0.0002940166426694812,0.1917683780258903,0.2243637802388945,0.1949810424029873,0.227676788546467,0.5447139113186181,0.5819161258249146,0.5484255826982629,0.5856463382677088,0.9225985934172987,0.9608817031944015,0.9264241663137645,0.9647132562162974,1.307504070116275,1.346187412993622,1.311371217881341,1.350057162661929,1.695291445886386,1.734164113702143,1,2
736523.8686427893,399,297,0,0.0002940166426694812,0.1917683780258903,0.2243637802388945,0.1949810424029873,0.227676788546467,0.5447139113186181,0.5819161258249146,0.5484255826982629,0.5856463382677088,0.9225985934172987,0.9608817031944015,0.9264241663137645,0.9647132562162974,1.307504070116275,1.346187412993622,1.311371217881341,1.350057162661929,1.695291445886386,1.734164113702143,1,2
736523.8682848379,578,270,0,0.002029962312780187,0.1392169257068507,0.1667431624814503,0.1667431624814503,0.1956316095105627,0.4576186176093322,0.4927761087651672,0.4927761087651672,0.528266780411409,0.8205814177126851,0.8578593430491319,0.8578593430491319,0.8952537094267778,1.197600397583134,1.235699253156334,1.235699253156334,1.273850389637758,1.580574090346682,1.619067527781633,1,2
736523.8679270486,578,270,0,0.002029962312780187,0.1392169257068507,0.1667431624814503,0.1667431624814503,0.1956316095105627,0.4576186176093322,0.4927761087651672,0.4927761087651672,0.528266780411409,0.8205814177126851,0.8578593430491319,0.8578593430491319,0.8952537094267778,1.197600397583134,1.235699253156334,1.235699253156334,1.273850389637758,1.580574090346682,1.619067527781633,1,2
736523.8675695023,578,270,0,0.002029962312780187,0.1392169257068507,0.1667431624814503,0.1667431624814503,0.1956316095105627,0.4576186176093322,0.4927761087651672,0.4927761087651672,0.528266780411409,0.8205814177126851,0.8578593430491319,0.8578593430491319,0.8952537094267778,1.197600397583134,1.235699253156334,1.235699253156334,1.273850389637758,1.580574090346682,1.619067527781633,1,2
736523.8672105556,578,297,0,0.0002032652899743304,0.1510093770022036,0.1791748805829361,0.1537629445629077,0.1820645303714283,0.4729836615834848,0.5082961175405458,0.4764995911981032,0.5118453396070091,0.8369294413764061,0.8742610742300052,0.8406572800791659,0.8780005519075376,1.214326225613911,1.252449066994103,1.218136127185216,1.256264195231804,1.597480674489941,1.635986718466819,1,2
736523.8668535069,578,297,0,0.0002032652899743304,0.1510093770022036,0.1791748805829361,0.1537629445629077,0.1820645303714283,0.4729836615834848,0.5082961175405458,0.4764995911981032,0.5118453396070091,0.8369294413764061,0.8742610742300052,0.8406572800791659,0.8780005519075376,1.214326225613911,1.252449066994103,1.218136127185216,1.256264195231804,1.597480674489941,1.635986718466819,1,2
736523.8664965857,578,297,0,0.0002032652899743304,0.1510093770022036,0.1791748805829361,0.1537629445629077,0.1820645303714283,0.4729836615834848,0.5082961175405458,0.4764995911981032,0.5118453396070091,0.8369294413764061,0.8742610742300052,0.8406572800791659,0.8780005519075376,1.214326225613911,1.252449066994103,1.218136127185216,1.256264195231804,1.597480674489941,1.635986718466819,1,2
736523.8705560186,766,270,0,0.001533513792237318,0.1118996649587262,0.1353031859579555,0.1353031859579555,0.1602066763943358,0.3970240255359747,0.4298312476360257,0.4298312476360257,0.4631174952697956,0.7419254707176308,0.7779147713868084,0.7779147713868084,0.8140886385159123,1.108617783206422,1.145932601553326,1.145932601553326,1.183333808974716,1.485065421595679,1.523038364719952,1,2
736523.870196713,766,270,0,0.001533513792237318,0.1118996649587262,0.1353031859579555,0.1353031859579555,0.1602066763943358,0.3970240255359747,0.4298312476360257,0.4298312476360257,0.4631174952697956,0.7419254707176308,0.7779147713868084,0.7779147713868084,0.8140886385159123,1.108617783206422,1.145932601553326,1.145932601553326,1.183333808974716,1.485065421595679,1.523038364719952,1,2
736523.869837801,766,270,0,0.001533513792237318,0.1118996649587262,0.1353031859579555,0.1353031859579555,0.1602066763943358,0.3970240255359747,0.4298312476360257,0.4298312476360257,0.4631174952697956,0.7419254707176308,0.7779147713868084,0.7779147713868084,0.8140886385159123,1.108617783206422,1.145932601553326,1.145932601553326,1.183333808974716,1.485065421595679,1.523038364719952,1,2
736523.8694791088,766,297,0,0.0001534674109355816,0.1219236514258645,0.1460233381251801,0.1242647397458522,0.1485143601141908,0.4114137590744027,0.4444428735387086,0.4146947055773628,0.447771695724234,0.7577858862537041,0.7938601793060736,0.7613848843283437,0.7974776270776718,1.125087464642725,1.162441886887394,1.128818971825622,1.16618203083198,1.501836403321007,1.53983060866454,1,2
736523.8691204746,766,297,0,0.0001534674109355816,0.1219236514258645,0.1460233381251801,0.1242647397458522,0.1485143601141908,0.4114137590744027,0.4444428735387086,0.4146947055773628,0.447771695724234,0.7577858862537041,0.7938601793060736,0.7613848843283437,0.7974776270776718,1.125087464642725,1.162441886887394,1.128818971825622,1.16618203083198,1.501836403321007,1.53983060866454,1,2
736523.8687619676,766,297,0,0.0001534674109355816,0.1219236514258645,0.1460233381251801,0.1242647397458522,0.1485143601141908,0.4114137590744027,0.4444428735387086,0.4146947055773628,0.447771695724234,0.7577858862537041,0.7938601793060736,0.7613848843283437,0.7974776270776718,1.125087464642725,1.162441886887394,1.128818971825622,1.16618203083198,1.501836403321007,1.53983060866454,1,2
736523.8684040625,989,270,0,0.00118846316283916,0.09007776073605101,0.1096547720115968,0.1096547720115968,0.130718954248366,0.3400078732477606,0.3699548155953124,0.3699548155953124,0.40051425802552,0.6617187836350492,0.695951938596555,0.695951938596555,0.7304509139805798,1.013998356454372,1.050188947742252,1.050188947742252,1.086511178280435,1.380973795935967,1.418180648534863,1,2
736523.8680463658,989,270,0,0.00118846316283916,0.09007776073605101,0.1096547720115968,0.1096547720115968,0.130718954248366,0.3400078732477606,0.3699548155953124,0.3699548155953124,0.40051425802552,0.6617187836350492,0.695951938596555,0.695951938596555,0.7304509139805798,1.013998356454372,1.050188947742252,1.050188947742252,1.086511178280435,1.380973795935967,1.418180648534863,1,2
736523.8676885301,989,270,0,0.00118846316283916,0.09007776073605101,0.1096547720115968,0.1096547720115968,0.130718954248366,0.3400078732477606,0.3699548155953124,0.3699548155953124,0.40051425802552,0.6617187836350492,0.695951938596555,0.695951938596555,0.7304509139805798,1.013998356454372,1.050188947742252,1.050188947742252,1.086511178280435,1.380973795935967,1.418180648534863,1,2
736523.8673306481,989,297,0,0.0001189003344326256,0.09845483693287405,0.1187159198783393,0.1004130405202992,0.1208228236107034,0.3531638151813188,0.3833931630225816,0.3561587463564383,0.3864493219059285,0.6768486453824881,0.7112039503311701,0.6802720491571873,0.7146539281729546,1.030026446278675,1.066277321140408,1.033645541669511,1.06990957760617,1.39746674539696,1.4347069563133,1,2
736523.8669726042,989,297,0,0.0001189003344326256,0.09845483693287405,0.1187159198783393,0.1004130405202992,0.1208228236107034,0.3531638151813188,0.3833931630225816,0.3561587463564383,0.3864493219059285,0.6768486453824881,0.7112039503311701,0.6802720491571873,0.7146539281729546,1.030026446278675,1.066277321140408,1.033645541669511,1.06990957760617,1.39746674539696,1.4347069563133,1,2
736523.8666154746,989,297,0,0.0001189003344326256,0.09845483693287405,0.1187159198783393,0.1004130405202992,0.1208228236107034,0.3531638151813188,0.3833931630225816,0.3561587463564383,0.3864493219059285,0.6768486453824881,0.7112039503311701,0.6802720491571873,0.7146539281729546,1.030026446278675,1.066277321140408,1.033645541669511,1.06990957760617,1.39746674539696,1.4347069563133,1,2
736523.8227781134,1,17.5,0,0.001295521676685551,0.02283370799045274,0.02414053563117372,0.03263553963764546,0.03394253148057824,0.05550914450897301,0.05681625766123193,0.06531256308053675,0.06661969606411018,0.0881876211149034,0.08949477847011386,0.09799132133110157,0.09929848452533198,0.1208667566858009,0.1221739285902564,0.1306705542969463,0.131977728659321,0.1535461419382465,0.1548533203663069,2,1
736523.8225400926,1,17.5,0,0.001295521676685551,0.02283370799045274,0.02414053563117372,0.03263553963764546,0.03394253148057824,0.05550914450897301,0.05681625766123193,0.06531256308053675,0.06661969606411018,0.0881876211149034,0.08949477847011386,0.09799132133110157,0.09929848452533198,0.1208667566858009,0.1221739285902564,0.1306705542969463,0.131977728659321,0.1535461419382465,0.1548533203663069,2,1
736523.8223020255,75,17.5,0,0.000130058888419618,0.006820236231977653,0.007464664289794878,0.01216932892547667,0.01296463623438023,0.02812342123133436,0.02913877402287712,0.03593284791232843,0.03700489907608577,0.05546826695691422,0.05662501796481027,0.06422358336314964,0.06540378960723342,0.08521687103808341,0.0864348788202942,0.0943901624559403,0.09561951173219398,0.1160763367608965,0.1173251621947133,2,1
736523.8220640509,75,17.5,0,0.000130058888419618,0.006820236231977653,0.007464664289794878,0.01216932892547667,0.01296463623438023,0.02812342123133436,0.02913877402287712,0.03593284791232843,0.03700489907608577,0.05546826695691422,0.05662501796481027,0.06422358336314964,0.06540378960723342,0.08521687103808341,0.0864348788202942,0.0943901624559403,0.09561951173219398,0.1160763367608965,0.1173251621947133,2,1
736523.8218263541,150,17.5,0,6.527648729864888e-05,0.003590995004778955,0.003947331451369732,0.006632192632988226,0.007100074940438073,0.01670865436861865,0.01739477538907484,0.02210579398248103,0.0228672492650791,0.0366460595519187,0.03754638011829688,0.04355306655283332,0.0444996473250228,0.06085797473660796,0.06188908295659933,0.06868564126478861,0.06974501323459754,0.08768089915593653,0.0887925991496039,2,1
736523.8215887847,150,17.5,0,6.527648729864888e-05,0.003590995004778955,0.003947331451369732,0.006632192632988226,0.007100074940438073,0.01670865436861865,0.01739477538907484,0.02210579398248103,0.0228672492650791,0.0366460595519187,0.03754638011829688,0.04355306655283332,0.0444996473250228,0.06085797473660796,0.06188908295659933,0.06868564126478861,0.06974501323459754,0.08768089915593653,0.0887925991496039,2,1
736523.8228972454,300,17.5,0,3.266934965914792e-05,0.001821180358492741,0.002004533794126018,0.003401077644861972,0.003647142051372732,0.008871306810028401,0.009256462395510728,0.011942854259305,0.01238380675626608,0.02067033468768148,0.02123119119455286,0.02503047453718735,0.02563809847442469,0.03649676066428245,0.03720270437181883,0.04191531310232613,0.04265891060464935,0.0555920716258887,0.05641381997265971,2,1
736523.8226590509,300,17.5,0,3.266934965914792e-05,0.001821180358492741,0.002004533794126018,0.003401077644861972,0.003647142051372732,0.008871306810028401,0.009256462395510728,0.011942854259305,0.01238380675626608,0.02067033468768148,0.02123119119455286,0.02503047453718735,0.02563809847442469,0.03649676066428245,0.03720270437181883,0.04191531310232613,0.04265891060464935,0.0555920716258887,0.05641381997265971,2,1
736523.8224210301,600,17.5,0,1.633857019295304e-05,0.0009139141225686376,0.001006275173378479,0.001711849528445331,0.001836550369524015,0.004510829182451048,0.004710000974928796,0.006106777524318485,0.006337311095169329,0.01073479729768478,0.01103685238686086,0.01309750548891159,0.01342939806378191,0.01946667502861155,0.01986601500190355,0.02255278988489218,0.02298003130970067,0.0305510817296874,0.03104090936646975,2,1
736523.8221830787,600,17.5,0,1.633857019295304e-05,0.0009139141225686376,0.001006275173378479,0.001711849528445331,0.001836550369524015,0.004510829182451048,0.004710000974928796,0.006106777524318485,0.006337311095169329,0.01073479729768478,0.01103685238686086,0.01309750548891159,0.01342939806378191,0.01946667502861155,0.01986601500190355,0.02255278988489218,0.02298003130970067,0.0305510817296874,0.03104090936646975,2,1
736523.8219451737,1200,17.5,0,8.169772239607909e-06,0.0004573762695744277,0.0005036435414782492,0.0008573619529103072,0.0009199263139145764,0.002265214150848349,0.002365678613666544,0.003071283592999574,0.003187918875517171,0.005422353204149633,0.00557649886733913,0.006630373780734278,0.006800483404903246,0.009912702955490071,0.01011975076397753,0.01151658550553503,0.01173931499008374,0.01571381513175774,0.01597274218027223,2,1
736523.8217074769,1200,17.5,0,8.169772239607909e-06,0.0004573762695744277,0.0005036435414782492,0.0008573619529103072,0.0009199263139145764,0.002265214150848349,0.002365678613666544,0.003071283592999574,0.003187918875517171,0.005422353204149633,0.00557649886733913,0.006630373780734278,0.006800483404903246,0.009912702955490071,0.01011975076397753,0.01151658550553503,0.01173931499008374,0.01571381513175774,0.01597274218027223,2,1
736523.8792736922,1,17.5,0,0.001295521676685551,0.02283370799045274,0.02414053563117372,0.03263553963764546,0.03394253148057824,0.05550914450897301,0.05681625766123193,0.06531256308053675,0.06661969606411018,0.0881876211149034,0.08949477847011386,0.09799132133110157,0.09929848452533198,0.1208667566858009,0.1221739285902564,0.1306705542969463,0.131977728659321,0.1535461419382465,0.1548533203663069,2,1
736523.8789126389,1,17.5,0,0.001295521676685551,0.02283370799045274,0.02414053563117372,0.03263553963764546,0.03394253148057824,0.05550914450897301,0.05681625766123193,0.06531256308053675,0.06661969606411018,0.0881876211149034,0.08949477847011386,0.09799132133110157,0.09929848452533198,0.1208667566858009,0.1221739285902564,0.1306705542969463,0.131977728659321,0.1535461419382465,0.1548533203663069,2,1
736523.878551794,1,17.5,0,0.001295521676685551,0.02283370799045274,0.02414053563117372,0.03263553963764546,0.03394253148057824,0.05550914450897301,0.05681625766123193,0.06531256308053675,0.06661969606411018,0.0881876211149034,0.08949477847011386,0.09799132133110157,0.09929848452533198,0.1208667566858009,0.1221739285902564,0.1306705542969463,0.131977728659321,0.1535461419382465,0.1548533203663069,2,1
736523.8781913079,75,17.5,0,0.000130058888419618,0.006820236231977653,0.007464664289794878,0.01216932892547667,0.01296463623438023,0.02812342123133436,0.02913877402287712,0.03593284791232843,0.03700489907608577,0.05546826695691422,0.05662501796481027,0.06422358336314964,0.06540378960723342,0.08521687103808341,0.0864348788202942,0.0943901624559403,0.09561951173219398,0.1160763367608965,0.1173251621947133,2,1
736523.8778310301,75,17.5,0,0.000130058888419618,0.006820236231977653,0.007464664289794878,0.01216932892547667,0.01296463623438023,0.02812342123133436,0.02913877402287712,0.03593284791232843,0.03700489907608577,0.05546826695691422,0.05662501796481027,0.06422358336314964,0.06540378960723342,0.08521687103808341,0.0864348788202942,0.0943901624559403,0.09561951173219398,0.1160763367608965,0.1173251621947133,2,1
736523.877470787,75,17.5,0,0.000130058888419618,0.006820236231977653,0.007464664289794878,0.01216932892547667,0.01296463623438023,0.02812342123133436,0.02913877402287712,0.03593284791232843,0.03700489907608577,0.05546826695691422,0.05662501796481027,0.06422358336314964,0.06540378960723342,0.08521687103808341,0.0864348788202942,0.0943901624559403,0.09561951173219398,0.1160763367608965,0.1173251621947133,2,1
736523.8793940278,150,17.5,0,6.527648729864888e-05,0.003590995004778955,0.003947331451369732,0.006632192632988226,0.007100074940438073,0.01670865436861865,0.01739477538907484,0.02210579398248103,0.0228672492650791,0.0366460595519187,0.03754638011829688,0.04355306655283332,0.0444996473250228,0.06085797473660796,0.06188908295659933,0.06868564126478861,0.06974501323459754,0.08768089915593653,0.0887925991496039,2,1
736523.8790330325,150,17.5,0,6.527648729864888e-05,0.003590995004778955,0.003947331451369732,0.006632192632988226,0.007100074940438073,0.01670865436861865,0.01739477538907484,0.02210579398248103,0.0228672492650791,0.0366460595519187,0.03754638011829688,0.04355306655283332,0.0444996473250228,0.06085797473660796,0.06188908295659933,0.06868564126478861,0.06974501323459754,0.08768089915593653,0.0887925991496039,2,1
736523.8786720024,150,17.5,0,6.527648729864888e-05,0.003590995004778955,0.003947331451369732,0.006632192632988226,0.007100074940438073,0.01670865436861865,0.01739477538907484,0.02210579398248103,0.0228672492650791,0.0366460595519187,0.03754638011829688,0.04355306655283332,0.0444996473250228,0.06085797473660796,0.06188908295659933,0.06868564126478861,0.06974501323459754,0.08768089915593653,0.0887925991496039,2,1
736523.8783112732,300,17.5,0,3.266934965914792e-05,0.001821180358492741,0.002004533794126018,0.003401077644861972,0.003647142051372732,0.008871306810028401,0.009256462395510728,0.011942854259305,0.01238380675626608,0.02067033468768148,0.02123119119455286,0.02503047453718735,0.02563809847442469,0.03649676066428245,0.03720270437181883,0.04191531310232613,0.04265891060464935,0.0555920716258887,0.05641381997265971,2,1
736523.8779510649,300,17.5,0,3.266934965914792e-05,0.001821180358492741,0.002004533794126018,0.003401077644861972,0.003647142051372732,0.008871306810028401,0.009256462395510728,0.011942854259305,0.01238380675626608,0.02067033468768148,0.02123119119455286,0.02503047453718735,0.02563809847442469,0.03649676066428245,0.03720270437181883,0.04191531310232613,0.04265891060464935,0.0555920716258887,0.05641381997265971,2,1
736523.8775907987,300,17.5,0,3.266934965914792e-05,0.001821180358492741,0.002004533794126018,0.003401077644861972,0.003647142051372732,0.008871306810028401,0.009256462395510728,0.011942854259305,0.01238380675626608,0.02067033468768148,0.02123119119455286,0.02503047453718735,0.02563809847442469,0.03649676066428245,0.03720270437181883,0.04191531310232613,0.04265891060464935,0.0555920716258887,0.05641381997265971,2,1
736523.8795145254,600,17.5,0,1.633857019295304e-05,0.0009139141225686376,0.001006275173378479,0.001711849528445331,0.001836550369524015,0.004510829182451048,0.004710000974928796,0.006106777524318485,0.006337311095169329,0.01073479729768478,0.01103685238686086,0.01309750548891159,0.01342939806378191,0.01946667502861155,0.01986601500190355,0.02255278988489218,0.02298003130970067,0.0305510817296874,0.03104090936646975,2,1
736523.8791532986,600,17.5,0,1.633857019295304e-05,0.0009139141225686376,0.001006275173378479,0.001711849528445331,0.001836550369524015,0.004510829182451048,0.004710000974928796,0.006106777524318485,0.006337311095169329,0.01073479729768478,0.01103685238686086,0.01309750548891159,0.01342939806378191,0.01946667502861155,0.01986601500190355,0.02255278988489218,0.02298003130970067,0.0305510817296874,0.03104090936646975,2,1
736523.8787923033,600,17.5,0,1.633857019295304e-05,0.0009139141225686376,0.001006275173378479,0.001711849528445331,0.001836550369524015,0.004510829182451048,0.004710000974928796,0.006106777524318485,0.006337311095169329,0.01073479729768478,0.01103685238686086,0.01309750548891159,0.01342939806378191,0.01946667502861155,0.01986601500190355,0.02255278988489218,0.02298003130970067,0.0305510817296874,0.03104090936646975,2,1
736523.8784314931,1200,17.5,0,8.169772239607909e-06,0.0004573762695744277,0.0005036435414782492,0.0008573619529103072,0.0009199263139145764,0.002265214150848349,0.002365678613666544,0.003071283592999574,0.003187918875517171,0.005422353204149633,0.00557649886733913,0.006630373780734278,0.006800483404903246,0.009912702955490071,0.01011975076397753,0.01151658550553503,0.01173931499008374,0.01571381513175774,0.01597274218027223,2,1
736523.8780711459,1200,17.5,0,8.169772239607909e-06,0.0004573762695744277,0.0005036435414782492,0.0008573619529103072,0.0009199263139145764,0.002265214150848349,0.002365678613666544,0.003071283592999574,0.003187918875517171,0.005422353204149633,0.00557649886733913,0.006630373780734278,0.006800483404903246,0.009912702955490071,0.01011975076397753,0.01151658550553503,0.01173931499008374,0.01571381513175774,0.01597274218027223,2,1
736523.8777108565,1200,17.5,0,8.169772239607909e-06,0.0004573762695744277,0.0005036435414782492,0.0008573619529103072,0.0009199263139145764,0.002265214150848349,0.002365678613666544,0.003071283592999574,0.003187918875517171,0.005422353204149633,0.00557649886733913,0.006630373780734278,0.006800483404903246,0.009912702955490071,0.01011975076397753,0.01151658550553503,0.01173931499008374,0.01571381513175774,0.01597274218027223,2,1
736523.8280047569,1,17.5,0,0.009172089136191443,0.02223155738563607,0.03203267908509801,0.03203267908509801,0.04183509271410459,0.05490580532641414,0.06470915024510213,0.06470915024510213,0.07451264558424872,0.08758412003457507,0.09738779954006348,0.09738779954006348,0.1071915230556891,0.1202632043679483,0.13006699345384,0.13006699345384,0.1398708010253712,0.1529425670914659,0.1627464052235295,2,2
736523.8277652893,1,17.5,0,0.009172089136191443,0.02223155738563607,0.03203267908509801,0.03203267908509801,0.04183509271410459,0.05490580532641414,0.06470915024510213,0.06470915024510213,0.07451264558424872,0.08758412003457507,0.09738779954006348,0.09738779954006348,0.1071915230556891,0.1202632043679483,0.13006699345384,0.13006699345384,0.1398708010253712,0.1529425670914659,0.1627464052235295,2,2
736523.8275260648,75,17.5,0,0.000970779545027306,0.005074984827604087,0.009894628684052109,0.009894628684052109,0.01584782104993205,0.02507048397878847,0.03267973856209151,0.03267973856209151,0.04071588377611752,0.05191794255869608,0.06059156752449951,0.06059156752449951,0.06944162719210364,0.08145401815475248,0.09058829649211653,0.09058829649211653,0.09980781093772159,0.1122077958633204,0.1215736357665123,2,2
736523.827286875,75,17.5,0,0.000970779545027306,0.005074984827604087,0.009894628684052109,0.009894628684052109,0.01584782104993205,0.02507048397878847,0.03267973856209151,0.03267973856209151,0.04071588377611752,0.05191794255869608,0.06059156752449951,0.06059156752449951,0.06944162719210364,0.08145401815475248,0.09058829649211653,0.09058829649211653,0.09980781093772159,0.1122077958633204,0.1215736357665123,2,2
736523.8270477662,150,17.5,0,0.0004889766776557808,0.00263347582189126,0.00530319150877058,0.00530319150877058,0.008809037413541276,0.01464666437625273,0.01978925736810422,0.01978925736810422,0.02549711223160653,0.03385905928503637,0.04060917278167599,0.04060917278167599,0.04770655634625985,0.05762752109561507,0.06535947712418301,0.06535947712418301,0.07330361737148143,0.08417780208432223,0.09251476780540198,2,2
736523.8268086574,150,17.5,0,0.0004889766776557808,0.00263347582189126,0.00530319150877058,0.00530319150877058,0.008809037413541276,0.01464666437625273,0.01978925736810422,0.01978925736810422,0.02549711223160653,0.03385905928503637,0.04060917278167599,0.04060917278167599,0.04770655634625985,0.05762752109561507,0.06535947712418301,0.06535947712418301,0.07330361737148143,0.08417780208432223,0.09251476780540198,2,2
736523.8281244792,300,17.5,0,0.0002449450441253664,0.001329912556064794,0.002704657852883013,0.002704657852883013,0.004549614093736332,0.007718455263645285,0.01060638301754116,0.01060638301754116,0.01391272975708949,0.01893835489667953,0.0231439193627245,0.0231439193627245,0.02770023942182995,0.03428475226898184,0.03957851473620844,0.03957851473620844,0.04515471286222977,0.05299606552014677,0.05915848614074035,2,2
736523.8278849769,300,17.5,0,0.0002449450441253664,0.001329912556064794,0.002704657852883013,0.002704657852883013,0.004549614093736332,0.007718455263645285,0.01060638301754116,0.01060638301754116,0.01391272975708949,0.01893835489667953,0.0231439193627245,0.0231439193627245,0.02770023942182995,0.03428475226898184,0.03957851473620844,0.03957851473620844,0.04515471286222977,0.05299606552014677,0.05915848614074035,2,2
736523.8276456018,600,17.5,0,0.0001225298773049888,0.0006666446996526632,0.001359299960532578,0.001359299960532578,0.002294485809042568,0.003915636617283946,0.005409315705766027,0.005409315705766027,0.007138192948222599,0.009803921568627472,0.01206917898212356,0.01206917898212356,0.01455820613120668,0.01821790515129679,0.02121276603508232,0.02121276603508232,0.02441688057768487,0.02900623956908588,0.0326797385620915,2,2
736523.827406412,600,17.5,0,0.0001225298773049888,0.0006666446996526632,0.001359299960532578,0.001359299960532578,0.002294485809042568,0.003915636617283946,0.005409315705766027,0.005409315705766027,0.007138192948222599,0.009803921568627472,0.01206917898212356,0.01206917898212356,0.01455820613120668,0.01821790515129679,0.02121276603508232,0.02121276603508232,0.02441688057768487,0.02900623956908588,0.0326797385620915,2,2
736523.8271673264,1200,17.5,0,6.127211645534647e-05,0.000333534745528552,0.0006805326447264504,0.0006805326447264504,0.001149756391942702,0.001965130734106313,0.002718599921065157,0.002718599921065157,0.003593348025053622,0.004947629905048379,0.006103700813583246,0.006103700813583246,0.007379499342055729,0.00926580116119935,0.01081863141153205,0.01081863141153205,0.01248907233382557,0.01489799473488973,0.0168399132111936,2,2
736523.8269282524,1200,17.5,0,6.127211645534647e-05,0.000333534745528552,0.0006805326447264504,0.0006805326447264504,0.001149756391942702,0.001965130734106313,0.002718599921065157,0.002718599921065157,0.003593348025053622,0.004947629905048379,0.006103700813583246,0.006103700813583246,0.007379499342055729,0.00926580116119935,0.01081863141153205,0.01081863141153205,0.01248907233382557,0.01489799473488973,0.0168399132111936,2,2
736523.8875459723,1,17.5,0,0.009172089136191443,0.02223155738563607,0.03203267908509801,0.03203267908509801,0.04183509271410459,0.05490580532641414,0.06470915024510213,0.06470915024510213,0.07451264558424872,0.08758412003457507,0.09738779954006348,0.09738779954006348,0.1071915230556891,0.1202632043679483,0.13006699345384,0.13006699345384,0.1398708010253712,0.1529425670914659,0.1627464052235295,2,2
736523.88719,1,17.5,0,0.009172089136191443,0.02223155738563607,0.03203267908509801,0.03203267908509801,0.04183509271410459,0.05490580532641414,0.06470915024510213,0.06470915024510213,0.07451264558424872,0.08758412003457507,0.09738779954006348,0.09738779954006348,0.1071915230556891,0.1202632043679483,0.13006699345384,0.13006699345384,0.1398708010253712,0.1529425670914659,0.1627464052235295,2,2
736523.8868343518,1,17.5,0,0.009172089136191443,0.02223155738563607,0.03203267908509801,0.03203267908509801,0.04183509271410459,0.05490580532641414,0.06470915024510213,0.06470915024510213,0.07451264558424872,0.08758412003457507,0.09738779954006348,0.09738779954006348,0.1071915230556891,0.1202632043679483,0.13006699345384,0.13006699345384,0.1398708010253712,0.1529425670914659,0.1627464052235295,2,2
736523.8864789236,75,17.5,0,0.000970779545027306,0.005074984827604087,0.009894628684052109,0.009894628684052109,0.01584782104993205,0.02507048397878847,0.03267973856209151,0.03267973856209151,0.04071588377611752,0.05191794255869608,0.06059156752449951,0.06059156752449951,0.06944162719210364,0.08145401815475248,0.09058829649211653,0.09058829649211653,0.09980781093772159,0.1122077958633204,0.1215736357665123,2,2
736523.8861235416,75,17.5,0,0.000970779545027306,0.005074984827604087,0.009894628684052109,0.009894628684052109,0.01584782104993205,0.02507048397878847,0.03267973856209151,0.03267973856209151,0.04071588377611752,0.05191794255869608,0.06059156752449951,0.06059156752449951,0.06944162719210364,0.08145401815475248,0.09058829649211653,0.09058829649211653,0.09980781093772159,0.1122077958633204,0.1215736357665123,2,2
736523.8857670949,75,17.5,0,0.000970779545027306,0.005074984827604087,0.009894628684052109,0.009894628684052109,0.01584782104993205,0.02507048397878847,0.03267973856209151,0.03267973856209151,0.04071588377611752,0.05191794255869608,0.06059156752449951,0.06059156752449951,0.06944162719210364,0.08145401815475248,0.09058829649211653,0.09058829649211653,0.09980781093772159,0.1122077958633204,0.1215736357665123,2,2
736523.8876646875,150,17.5,0,0.0004889766776557808,0.00263347582189126,0.00530319150877058,0.00530319150877058,0.008809037413541276,0.01464666437625273,0.01978925736810422,0.01978925736810422,0.02549711223160653,0.03385905928503637,0.04060917278167599,0.04060917278167599,0.04770655634625985,0.05762752109561507,0.06535947712418301,0.06535947712418301,0.07330361737148143,0.08417780208432223,0.09251476780540198,2,2
736523.8873086111,150,17.5,0,0.0004889766776557808,0.00263347582189126,0.00530319150877058,0.00530319150877058,0.008809037413541276,0.01464666437625273,0.01978925736810422,0.01978925736810422,0.02549711223160653,0.03385905928503637,0.04060917278167599,0.04060917278167599,0.04770655634625985,0.05762752109561507,0.06535947712418301,0.06535947712418301,0.07330361737148143,0.08417780208432223,0.09251476780540198,2,2
736523.8869527894,150,17.5,0,0.0004889766776557808,0.00263347582189126,0.00530319150877058,0.00530319150877058,0.008809037413541276,0.01464666437625273,0.01978925736810422,0.01978925736810422,0.02549711223160653,0.03385905928503637,0.04060917278167599,0.04060917278167599,0.04770655634625985,0.05762752109561507,0.06535947712418301,0.06535947712418301,0.07330361737148143,0.08417780208432223,0.09251476780540198,2,2
736523.8865974074,300,17.5,0,0.0002449450441253664,0.001329912556064794,0.002704657852883013,0.002704657852883013,0.004549614093736332,0.007718455263645285,0.01060638301754116,0.01060638301754116,0.01391272975708949,0.01893835489667953,0.0231439193627245,0.0231439193627245,0.02770023942182995,0.03428475226898184,0.03957851473620844,0.03957851473620844,0.04515471286222977,0.05299606552014677,0.05915848614074035,2,2
736523.8862420486,300,17.5,0,0.0002449450441253664,0.001329912556064794,0.002704657852883013,0.002704657852883013,0.004549614093736332,0.007718455263645285,0.01060638301754116,0.01060638301754116,0.01391272975708949,0.01893835489667953,0.0231439193627245,0.0231439193627245,0.02770023942182995,0.03428475226898184,0.03957851473620844,0.03957851473620844,0.04515471286222977,0.05299606552014677,0.05915848614074035,2,2
736523.8858869445,300,17.5,0,0.0002449450441253664,0.001329912556064794,0.002704657852883013,0.002704657852883013,0.004549614093736332,0.007718455263645285,0.01060638301754116,0.01060638301754116,0.01391272975708949,0.01893835489667953,0.0231439193627245,0.0231439193627245,0.02770023942182995,0.03428475226898184,0.03957851473620844,0.03957851473620844,0.04515471286222977,0.05299606552014677,0.05915848614074035,2,2
736523.887783368,600,17.5,0,0.0001225298773049888,0.0006666446996526632,0.001359299960532578,0.001359299960532578,0.002294485809042568,0.003915636617283946,0.005409315705766027,0.005409315705766027,0.007138192948222599,0.009803921568627472,0.01206917898212356,0.01206917898212356,0.01455820613120668,0.01821790515129679,0.02121276603508232,0.02121276603508232,0.02441688057768487,0.02900623956908588,0.0326797385620915,2,2
736523.8874272917,600,17.5,0,0.0001225298773049888,0.0006666446996526632,0.001359299960532578,0.001359299960532578,0.002294485809042568,0.003915636617283946,0.005409315705766027,0.005409315705766027,0.007138192948222599,0.009803921568627472,0.01206917898212356,0.01206917898212356,0.01455820613120668,0.01821790515129679,0.02121276603508232,0.02121276603508232,0.02441688057768487,0.02900623956908588,0.0326797385620915,2,2
736523.8870712732,600,17.5,0,0.0001225298773049888,0.0006666446996526632,0.001359299960532578,0.001359299960532578,0.002294485809042568,0.003915636617283946,0.005409315705766027,0.005409315705766027,0.007138192948222599,0.009803921568627472,0.01206917898212356,0.01206917898212356,0.01455820613120668,0.01821790515129679,0.02121276603508232,0.02121276603508232,0.02441688057768487,0.02900623956908588,0.0326797385620915,2,2
736523.8867158565,1200,17.5,0,6.127211645534647e-05,0.000333534745528552,0.0006805326447264504,0.0006805326447264504,0.001149756391942702,0.001965130734106313,0.002718599921065157,0.002718599921065157,0.003593348025053622,0.004947629905048379,0.006103700813583246,0.006103700813583246,0.007379499342055729,0.00926580116119935,0.01081863141153205,0.01081863141153205,0.01248907233382557,0.01489799473488973,0.0168399132111936,2,2
736523.8863605324,1200,17.5,0,6.127211645534647e-05,0.000333534745528552,0.0006805326447264504,0.0006805326447264504,0.001149756391942702,0.001965130734106313,0.002718599921065157,0.002718599921065157,0.003593348025053622,0.004947629905048379,0.006103700813583246,0.006103700813583246,0.007379499342055729,0.00926580116119935,0.01081863141153205,0.01081863141153205,0.01248907233382557,0.01489799473488973,0.0168399132111936,2,2
736523.8860052084,1200,17.5,0,6.127211645534647e-05,0.000333534745528552,0.0006805326447264504,0.0006805326447264504,0.001149756391942702,0.001965130734106313,0.002718599921065157,0.002718599921065157,0.003593348025053622,0.004947629905048379,0.006103700813583246,0.006103700813583246,0.007379499342055729,0.00926580116119935,0.01081863141153205,0.01081863141153205,0.01248907233382557,0.01489799473488973,0.0168399132111936,2,2
736523.8327740047,1,17.5,0,0.00977505770189519,0.01304039401073415,0.03264204053565119,0.022840124250189,0.0424447864369463,0.04571246952233812,0.06531913600455178,0.05551570736749446,0.07512268535257888,0.07839055459680386,0.09799790953984999,0.08819420637485093,0.1078016506870339,0.1110695711789844,0.1306771481368316,0.1208733492874925,0.1404809635323219,0.1437489051087392,0.1633565808921836,2,3
736523.8325331829,1,17.5,0,0.00977505770189519,0.01304039401073415,0.03264204053565119,0.022840124250189,0.0424447864369463,0.04571246952233812,0.06531913600455178,0.05551570736749446,0.07512268535257888,0.07839055459680386,0.09799790953984999,0.08819420637485093,0.1078016506870339,0.1110695711789844,0.1306771481368316,0.1208733492874925,0.1404809635323219,0.1437489051087392,0.1633565808921836,2,3
736523.8322925579,75,17.5,0,0.001913876900929708,0.002946836199310861,0.01250406777697537,0.007078843849298473,0.018914485664522,0.02122497117137796,0.03640732034691283,0.02856927220897965,0.04461552749269647,0.04741768285389769,0.06475260332404474,0.05598546535521078,0.07367645483749027,0.07668015657975469,0.09494392907112642,0.0857649295770484,0.1042002483857938,0.1073005033763317,0.1260300336499324,2,3
736523.8320519213,75,17.5,0,0.001913876900929708,0.002946836199310861,0.01250406777697537,0.007078843849298473,0.018914485664522,0.02122497117137796,0.03640732034691283,0.02856927220897965,0.04461552749269647,0.04741768285389769,0.06475260332404474,0.05598546535521078,0.07367645483749027,0.07668015657975469,0.09494392907112642,0.0857649295770484,0.1042002483857938,0.1073005033763317,0.1260300336499324,2,3
736523.8318113888,150,17.5,0,0.0009743334394896885,0.0015115144060419,0.00683389235648206,0.003736755109759959,0.01072855415470946,0.01218990659495067,0.0224548839090522,0.01701990361242824,0.02841694190188708,0.03050894657996366,0.04399517453676084,0.03706492183218947,0.05124763193017427,0.05372880083884728,0.0691844214168381,0.06134255517318928,0.07722380410187855,0.07994288695506151,0.09661202103602425,2,3
736523.8315711806,150,17.5,0,0.0009743334394896885,0.0015115144060419,0.00683389235648206,0.003736755109759959,0.01072855415470946,0.01218990659495067,0.0224548839090522,0.01701990361242824,0.02841694190188708,0.03050894657996366,0.04399517453676084,0.03706492183218947,0.05124763193017427,0.05372880083884728,0.0691844214168381,0.06134255517318928,0.07722380410187855,0.07994288695506151,0.09661202103602425,2,3
736523.8328944908,300,17.5,0,0.0004894323175394788,0.000760813481299083,0.003507831535458805,0.001896553369989479,0.005583253099673891,0.006375828804204398,0.01214717535018994,0.009047687636995899,0.01565551854909825,0.01691239988586446,0.02531828404324002,0.02093471374256836,0.03004210751349118,0.03168871302383386,0.04227125948534058,0.03683383672174365,0.0479814505606668,0.04994220698783081,0.06226282157503468,2,3
736523.8326535532,300,17.5,0,0.0004894323175394788,0.000760813481299083,0.003507831535458805,0.001896553369989479,0.005583253099673891,0.006375828804204398,0.01214717535018994,0.009047687636995899,0.01565551854909825,0.01691239988586446,0.02531828404324002,0.02093471374256836,0.03004210751349118,0.03168871302383386,0.04227125948534058,0.03683383672174365,0.0479814505606668,0.04994220698783081,0.06226282157503468,2,3
736523.8324127893,600,17.5,0,0.0002450023658004952,0.0003810487206766244,0.001766037954299138,0.0009519293088254832,0.002821870791347103,0.003227209650124241,0.006213900108685111,0.004602264522372002,0.008059258568022421,0.008725770423974988,0.01325533417220787,0.01087769846474718,0.01585473201347348,0.01676975794692526,0.02275832608515171,0.01965825004253896,0.0260652813411637,0.02721273591267032,0.03455846192565976,2,3
736523.8321721412,600,17.5,0,0.0002450023658004952,0.0003810487206766244,0.001766037954299138,0.0009519293088254832,0.002821870791347103,0.003227209650124241,0.006213900108685111,0.004602264522372002,0.008059258568022421,0.008725770423974988,0.01325533417220787,0.01087769846474718,0.01585473201347348,0.01676975794692526,0.02275832608515171,0.01965825004253896,0.0260652813411637,0.02721273591267032,0.03455846192565976,2,3
736523.8319317361,1200,17.5,0,0.0001225370540567372,0.0001906049250364195,0.0008845601665625757,0.0004764255150416785,0.001414818280843,0.001618668450246608,0.003125519577856339,0.002311363889498264,0.004060759226096722,0.004399340481722969,0.006711350579189923,0.005495346794211153,0.008046799381667857,0.008518389554262207,0.01162387711874735,0.01001215214142892,0.01335284945364534,0.01395509834849329,0.01783872526275832,2,3
736523.8316912731,1200,17.5,0,0.0001225370540567372,0.0001906049250364195,0.0008845601665625757,0.0004764255150416785,0.001414818280843,0.001618668450246608,0.003125519577856339,0.002311363889498264,0.004060759226096722,0.004399340481722969,0.006711350579189923,0.005495346794211153,0.008046799381667857,0.008518389554262207,0.01162387711874735,0.01001215214142892,0.01335284945364534,0.01395509834849329,0.01783872526275832,2,3
736523.893951713,1,17.5,0,0.00977505770189519,0.01304039401073415,0.03264204053565119,0.022840124250189,0.0424447864369463,0.04571246952233812,0.06531913600455178,0.05551570736749446,0.07512268535257888,0.07839055459680386,0.09799790953984999,0.08819420637485093,0.1078016506870339,0.1110695711789844,0.1306771481368316,0.1208733492874925,0.1404809635323219,0.1437489051087392,0.1633565808921836,2,3
736523.8935930556,1,17.5,0,0.00977505770189519,0.01304039401073415,0.03264204053565119,0.022840124250189,0.0424447864369463,0.04571246952233812,0.06531913600455178,0.05551570736749446,0.07512268535257888,0.07839055459680386,0.09799790953984999,0.08819420637485093,0.1078016506870339,0.1110695711789844,0.1306771481368316,0.1208733492874925,0.1404809635323219,0.1437489051087392,0.1633565808921836,2,3
736523.8932346065,1,17.5,0,0.00977505770189519,0.01304039401073415,0.03264204053565119,0.022840124250189,0.0424447864369463,0.04571246952233812,0.06531913600455178,0.05551570736749446,0.07512268535257888,0.07839055459680386,0.09799790953984999,0.08819420637485093,0.1078016506870339,0.1110695711789844,0.1306771481368316,0.1208733492874925,0.1404809635323219,0.1437489051087392,0.1633565808921836,2,3
736523.8928764467,75,17.5,0,0.001913876900929708,0.002946836199310861,0.01250406777697537,0.007078843849298473,0.018914485664522,0.02122497117137796,0.03640732034691283,0.02856927220897965,0.04461552749269647,0.04741768285389769,0.06475260332404474,0.05598546535521078,0.07367645483749027,0.07668015657975469,0.09494392907112642,0.0857649295770484,0.1042002483857938,0.1073005033763317,0.1260300336499324,2,3
736523.8925182986,75,17.5,0,0.001913876900929708,0.002946836199310861,0.01250406777697537,0.007078843849298473,0.018914485664522,0.02122497117137796,0.03640732034691283,0.02856927220897965,0.04461552749269647,0.04741768285389769,0.06475260332404474,0.05598546535521078,0.07367645483749027,0.07668015657975469,0.09494392907112642,0.0857649295770484,0.1042002483857938,0.1073005033763317,0.1260300336499324,2,3
736523.8921606481,75,17.5,0,0.001913876900929708,0.002946836199310861,0.01250406777697537,0.007078843849298473,0.018914485664522,0.02122497117137796,0.03640732034691283,0.02856927220897965,0.04461552749269647,0.04741768285389769,0.06475260332404474,0.05598546535521078,0.07367645483749027,0.07668015657975469,0.09494392907112642,0.0857649295770484,0.1042002483857938,0.1073005033763317,0.1260300336499324,2,3
736523.8940712616,150,17.5,0,0.0009743334394896885,0.0015115144060419,0.00683389235648206,0.003736755109759959,0.01072855415470946,0.01218990659495067,0.0224548839090522,0.01701990361242824,0.02841694190188708,0.03050894657996366,0.04399517453676084,0.03706492183218947,0.05124763193017427,0.05372880083884728,0.0691844214168381,0.06134255517318928,0.07722380410187855,0.07994288695506151,0.09661202103602425,2,3
736523.893712581,150,17.5,0,0.0009743334394896885,0.0015115144060419,0.00683389235648206,0.003736755109759959,0.01072855415470946,0.01218990659495067,0.0224548839090522,0.01701990361242824,0.02841694190188708,0.03050894657996366,0.04399517453676084,0.03706492183218947,0.05124763193017427,0.05372880083884728,0.0691844214168381,0.06134255517318928,0.07722380410187855,0.07994288695506151,0.09661202103602425,2,3
736523.8933540625,150,17.5,0,0.0009743334394896885,0.0015115144060419,0.00683389235648206,0.003736755109759959,0.01072855415470946,0.01218990659495067,0.0224548839090522,0.01701990361242824,0.02841694190188708,0.03050894657996366,0.04399517453676084,0.03706492183218947,0.05124763193017427,0.05372880083884728,0.0691844214168381,0.06134255517318928,0.07722380410187855,0.07994288695506151,0.09661202103602425,2,3
736523.8929958681,300,17.5,0,0.0004894323175394788,0.000760813481299083,0.003507831535458805,0.001896553369989479,0.005583253099673891,0.006375828804204398,0.01214717535018994,0.009047687636995899,0.01565551854909825,0.01691239988586446,0.02531828404324002,0.02093471374256836,0.03004210751349118,0.03168871302383386,0.04227125948534058,0.03683383672174365,0.0479814505606668,0.04994220698783081,0.06226282157503468,2,3
736523.8926377083,300,17.5,0,0.0004894323175394788,0.000760813481299083,0.003507831535458805,0.001896553369989479,0.005583253099673891,0.006375828804204398,0.01214717535018994,0.009047687636995899,0.01565551854909825,0.01691239988586446,0.02531828404324002,0.02093471374256836,0.03004210751349118,0.03168871302383386,0.04227125948534058,0.03683383672174365,0.0479814505606668,0.04994220698783081,0.06226282157503468,2,3
736523.8922799305,300,17.5,0,0.0004894323175394788,0.000760813481299083,0.003507831535458805,0.001896553369989479,0.005583253099673891,0.006375828804204398,0.01214717535018994,0.009047687636995899,0.01565551854909825,0.01691239988586446,0.02531828404324002,0.02093471374256836,0.03004210751349118,0.03168871302383386,0.04227125948534058,0.03683383672174365,0.0479814505606668,0.04994220698783081,0.06226282157503468,2,3
736523.894190787,600,17.5,0,0.0002450023658004952,0.0003810487206766244,0.001766037954299138,0.0009519293088254832,0.002821870791347103,0.003227209650124241,0.006213900108685111,0.004602264522372002,0.008059258568022421,0.008725770423974988,0.01325533417220787,0.01087769846474718,0.01585473201347348,0.01676975794692526,0.02275832608515171,0.01965825004253896,0.0260652813411637,0.02721273591267032,0.03455846192565976,2,3
736523.8938321065,600,17.5,0,0.0002450023658004952,0.0003810487206766244,0.001766037954299138,0.0009519293088254832,0.002821870791347103,0.003227209650124241,0.006213900108685111,0.004602264522372002,0.008059258568022421,0.008725770423974988,0.01325533417220787,0.01087769846474718,0.01585473201347348,0.01676975794692526,0.02275832608515171,0.01965825004253896,0.0260652813411637,0.02721273591267032,0.03455846192565976,2,3
736523.8934735186,600,17.5,0,0.0002450023658004952,0.0003810487206766244,0.001766037954299138,0.0009519293088254832,0.002821870791347103,0.003227209650124241,0.006213900108685111,0.004602264522372002,0.008059258568022421,0.008725770423974988,0.01325533417220787,0.01087769846474718,0.01585473201347348,0.01676975794692526,0.02275832608515171,0.01965825004253896,0.0260652813411637,0.02721273591267032,0.03455846192565976,2,3
736523.893115162,1200,17.5,0,0.0001225370540567372,0.0001906049250364195,0.0008845601665625757,0.0004764255150416785,0.001414818280843,0.001618668450246608,0.003125519577856339,0.002311363889498264,0.004060759226096722,0.004399340481722969,0.006711350579189923,0.005495346794211153,0.008046799381667857,0.008518389554262207,0.01162387711874735,0.01001215214142892,0.01335284945364534,0.01395509834849329,0.01783872526275832,2,3
736523.8927570254,1200,17.5,0,0.0001225370540567372,0.0001906049250364195,0.0008845601665625757,0.0004764255150416785,0.001414818280843,0.001618668450246608,0.003125519577856339,0.002311363889498264,0.004060759226096722,0.004399340481722969,0.006711350579189923,0.005495346794211153,0.008046799381667857,0.008518389554262207,0.01162387711874735,0.01001215214142892,0.01335284945364534,0.01395509834849329,0.01783872526275832,2,3
736523.8923991319,1200,17.5,0,0.0001225370540567372,0.0001906049250364195,0.0008845601665625757,0.0004764255150416785,0.001414818280843,0.001618668450246608,0.003125519577856339,0.002311363889498264,0.004060759226096722,0.004399340481722969,0.006711350579189923,0.005495346794211153,0.008046799381667857,0.008518389554262207,0.01162387711874735,0.01001215214142892,0.01335284945364534,0.01395509834849329,0.01783872526275832,2,3
736523.8422076274,1,48,0,0.002041245506939648,0.06209490731506923,0.06470915024510213,0.06470915024510213,0.06732340364783548,0.1274526477149066,0.13006699345384,0.13006699345384,0.132681340500437,0.1928115615584113,0.1954259259229,0.1954259259229,0.1980402906747666,0.2581707598851306,0.2607851307176777,0.2607851307176777,0.2633995017136384,0.3235300706297332,0.3261444444437909,3,1
736523.8423287269,1,48,0,0.002041245506939648,0.06209490731506923,0.06470915024510213,0.06470915024510213,0.06732340364783548,0.1274526477149066,0.13006699345384,0.13006699345384,0.132681340500437,0.1928115615584113,0.1954259259229,0.1954259259229,0.1980402906747666,0.2581707598851306,0.2607851307176777,0.2607851307176777,0.2633995017136384,0.3235300706297332,0.3261444444437909,3,1
736523.8982741319,1,48,0,0.002041245506939648,0.06209490731506923,0.06470915024510213,0.06470915024510213,0.06732340364783548,0.1274526477149066,0.13006699345384,0.13006699345384,0.132681340500437,0.1928115615584113,0.1954259259229,0.1954259259229,0.1980402906747666,0.2581707598851306,0.2607851307176777,0.2607851307176777,0.2633995017136384,0.3235300706297332,0.3261444444437909,3,1
736523.8983943403,1,48,0,0.002041245506939648,0.06209490731506923,0.06470915024510213,0.06470915024510213,0.06732340364783548,0.1274526477149066,0.13006699345384,0.13006699345384,0.132681340500437,0.1928115615584113,0.1954259259229,0.1954259259229,0.1980402906747666,0.2581707598851306,0.2607851307176777,0.2607851307176777,0.2633995017136384,0.3235300706297332,0.3261444444437909,3,1
736523.8985148148,1,48,0,0.002041245506939648,0.06209490731506923,0.06470915024510213,0.06470915024510213,0.06732340364783548,0.1274526477149066,0.13006699345384,0.13006699345384,0.132681340500437,0.1928115615584113,0.1954259259229,0.1954259259229,0.1980402906747666,0.2581707598851306,0.2607851307176777,0.2607851307176777,0.2633995017136384,0.3235300706297332,0.3261444444437909,3,1
736523.8459590741,1,210,0,0.002041245506939648,0.2738569872382374,0.2764713589827733,0.2764713589827733,0.2790857308645129,0.5509807793574207,0.5535951566159716,0.5535951566159716,0.5562095338916719,0.8281048328900035,0.8307192111645099,0.8307192111645099,0.8333335894440979,1.105228951312581,1.107843329942023,1.107843329942023,1.110457708573609,1.382353095617571,1.384967474411139,3,2
736523.8460793982,1,210,0,0.002041245506939648,0.2738569872382374,0.2764713589827733,0.2764713589827733,0.2790857308645129,0.5509807793574207,0.5535951566159716,0.5535951566159716,0.5562095338916719,0.8281048328900035,0.8307192111645099,0.8307192111645099,0.8333335894440979,1.105228951312581,1.107843329942023,1.107843329942023,1.110457708573609,1.382353095617571,1.384967474411139,3,2
736523.9008249653,1,210,0,0.002041245506939648,0.2738569872382374,0.2764713589827733,0.2764713589827733,0.2790857308645129,0.5509807793574207,0.5535951566159716,0.5535951566159716,0.5562095338916719,0.8281048328900035,0.8307192111645099,0.8307192111645099,0.8333335894440979,1.105228951312581,1.107843329942023,1.107843329942023,1.110457708573609,1.382353095617571,1.384967474411139,3,2
736523.9009460532,1,210,0,0.002041245506939648,0.2738569872382374,0.2764713589827733,0.2764713589827733,0.2790857308645129,0.5509807793574207,0.5535951566159716,0.5535951566159716,0.5562095338916719,0.8281048328900035,0.8307192111645099,0.8307192111645099,0.8333335894440979,1.105228951312581,1.107843329942023,1.107843329942023,1.110457708573609,1.382353095617571,1.384967474411139,3,2
736523.901067118,1,210,0,0.002041245506939648,0.2738569872382374,0.2764713589827733,0.2764713589827733,0.2790857308645129,0.5509807793574207,0.5535951566159716,0.5535951566159716,0.5562095338916719,0.8281048328900035,0.8307192111645099,0.8307192111645099,0.8333335894440979,1.105228951312581,1.107843329942023,1.107843329942023,1.110457708573609,1.382353095617571,1.384967474411139,3,2
736523.8490172107,60,298,0,8.704935522328705e-05,0.3522957651877482,0.3548970831812114,0.3548970831812114,0.357498572892,0.7434667130550923,0.7460778193921878,0.7460778193921878,0.7486889474345706,1.135295390646758,1.137908315278716,1.137908315278716,1.14052124635522,1.527288323103483,1.529901884215102,1.529901884215102,1.53251544804749,1.919346889437599,1.92196074510588,4,0
736523.848778912,60,298,0,8.704935522328705e-05,0.3522957651877482,0.3548970831812114,0.3548970831812114,0.357498572892,0.7434667130550923,0.7460778193921878,0.7460778193921878,0.7486889474345706,1.135295390646758,1.137908315278716,1.137908315278716,1.14052124635522,1.527288323103483,1.529901884215102,1.529901884215102,1.53251544804749,1.919346889437599,1.92196074510588,4,0
736523.849136412,508,298,0,1.029267150892688e-05,0.1798182727428517,0.1818107614219811,0.1818107614219811,0.1838088041689351,0.5172648713099719,0.5196717957117256,0.5196717957117256,0.5220799397437903,0.8878835905425548,0.8903994797721224,0.8903994797721224,0.8929157814942816,1.268798113118061,1.271355732160686,1.271355732160686,1.273913534001489,1.654093402734659,1.656671039068462,4,0
736523.8488980555,508,298,0,1.029267150892688e-05,0.1798182727428517,0.1818107614219811,0.1818107614219811,0.1838088041689351,0.5172648713099719,0.5196717957117256,0.5196717957117256,0.5220799397437903,0.8878835905425548,0.8903994797721224,0.8903994797721224,0.8929157814942816,1.268798113118061,1.271355732160686,1.271355732160686,1.273913534001489,1.654093402734659,1.656671039068462,4,0
736523.9040044213,60,298,0,8.704935522328705e-05,0.3522957651877482,0.3548970831812114,0.3548970831812114,0.357498572892,0.7434667130550923,0.7460778193921878,0.7460778193921878,0.7486889474345706,1.135295390646758,1.137908315278716,1.137908315278716,1.14052124635522,1.527288323103483,1.529901884215102,1.529901884215102,1.53251544804749,1.919346889437599,1.92196074510588,4,0
736523.9036397106,60,298,0,8.704935522328705e-05,0.3522957651877482,0.3548970831812114,0.3548970831812114,0.357498572892,0.7434667130550923,0.7460778193921878,0.7460778193921878,0.7486889474345706,1.135295390646758,1.137908315278716,1.137908315278716,1.14052124635522,1.527288323103483,1.529901884215102,1.529901884215102,1.53251544804749,1.919346889437599,1.92196074510588,4,0
736523.9041258796,60,298,0,8.704935522328705e-05,0.3522957651877482,0.3548970831812114,0.3548970831812114,0.357498572892,0.7434667130550923,0.7460778193921878,0.7460778193921878,0.7486889474345706,1.135295390646758,1.137908315278716,1.137908315278716,1.14052124635522,1.527288323103483,1.529901884215102,1.529901884215102,1.53251544804749,1.919346889437599,1.92196074510588,4,0
736523.9037613195,508,298,0,1.029267150892688e-05,0.1798182727428517,0.1818107614219811,0.1818107614219811,0.1838088041689351,0.5172648713099719,0.5196717957117256,0.5196717957117256,0.5220799397437903,0.8878835905425548,0.8903994797721224,0.8903994797721224,0.8929157814942816,1.268798113118061,1.271355732160686,1.271355732160686,1.273913534001489,1.654093402734659,1.656671039068462,4,0
736523.9042474768,508,298,0,1.029267150892688e-05,0.1798182727428517,0.1818107614219811,0.1818107614219811,0.1838088041689351,0.5172648713099719,0.5196717957117256,0.5196717957117256,0.5220799397437903,0.8878835905425548,0.8903994797721224,0.8903994797721224,0.8929157814942816,1.268798113118061,1.271355732160686,1.271355732160686,1.273913534001489,1.654093402734659,1.656671039068462,4,0
736523.9038827546,508,298,0,1.029267150892688e-05,0.1798182727428517,0.1818107614219811,0.1818107614219811,0.1838088041689351,0.5172648713099719,0.5196717957117256,0.5196717957117256,0.5220799397437903,0.8878835905425548,0.8903994797721224,0.8903994797721224,0.8929157814942816,1.268798113118061,1.271355732160686,1.271355732160686,1.273913534001489,1.654093402734659,1.656671039068462,4,0
