"","Estimate","Std. Error","z value","Pr(>|z|)"
"(Intercept)",3.70981662320114,0.764593975863032,4.85200870045269,1.22217260073044e-06
"predicted_observedv129577",1.21240158930997,1.13411263658234,1.06903102055503,0.285055691729574
"cpdi_predictionmultipath_cpdi_predicted",-8.6320348357123,0.830866411938837,-10.3891970016809,2.77681022803792e-25
"cpdi_predictionmultipath_no_cpdi_predicted",1.44975292229012,0.803963383961586,1.80325740103531,0.0713477994180493
"experiment_analgoue1b",-6.98774435785288e-16,1.04534950361674,-6.6846010197321e-16,0.999999999999999
"experiment_analgoue2a",-1.26752839428474,0.985309036197582,-1.28642725045563,0.198293993124836
"experiment_analgoue2b",16.3198357586217,2227.96213620985,0.00732500588469808,0.994155543161604
"experiment_analgoue2c",-0.121123196946817,1.2779065972181,-0.0947825116565584,0.924487578003649
"experiment_analgoue3a",-22.8488423354406,3884.32608988965,-0.00588231827263753,0.995306616135035
"experiment_analgoue3b",-4.11577673374595,1.19056581545041,-3.45699219676394,0.000546240666164823
"experiment_analgoue4a",0.606200794654981,2.10710663158725,0.287693458682886,0.773581397649923
"predicted_observedv129577:experiment_analgoue1b",-9.35937740317627e-15,1.47834744543477,-6.3309727575061e-15,0.999999999999995
"predicted_observedv129577:experiment_analgoue2a",-1.52462474051292,1.38515810104618,-1.10068644103616,0.271033149457013
"predicted_observedv129577:experiment_analgoue2b",-1.21240158923487,3150.81428069961,-0.000384789924516171,0.999692982067652
"predicted_observedv129577:experiment_analgoue2c",-1.92923407525819,1.68333396197977,-1.14607922066113,0.251762374556926
"predicted_observedv129577:experiment_analgoue3a",-1.21240158931639,5493.26664766058,-0.000220706852057277,0.99982390141171
"predicted_observedv129577:experiment_analgoue3b",-1.21240158930995,1.71820214923518,-0.705622205076175,0.480423111601302
"predicted_observedv129577:experiment_analgoue4a",-1.21240158930996,2.99608488825499,-0.404661962036763,0.685726005961155
